MC simulation
T = 1.00 h = 0.00 J = 1.00
Nx = 15 by Nx = 15
Nsweeps = 3000 and Nsamp = 10

Step 	 M 		 <M>
0 	 0.0000 	 0.0000
10 	 0.0044 	 0.0044
20 	 -0.0489 	 -0.0222
30 	 -0.0400 	 -0.0281
40 	 -0.1200 	 -0.0511
50 	 -0.0844 	 -0.0578
60 	 -0.0222 	 -0.0519
70 	 -0.0933 	 -0.0578
80 	 -0.1200 	 -0.0656
90 	 -0.2178 	 -0.0825
100 	 -0.2622 	 -0.1004
110 	 -0.5200 	 -0.1386
120 	 -0.5200 	 -0.1704
130 	 -0.5556 	 -0.2000
140 	 -0.5822 	 -0.2273
150 	 -0.7422 	 -0.2616
160 	 -0.9911 	 -0.3072
170 	 -0.9911 	 -0.3475
180 	 -1.0000 	 -0.3837
190 	 -1.0000 	 -0.4161
200 	 -1.0000 	 -0.4453
210 	 -1.0000 	 -0.4717
220 	 -1.0000 	 -0.4958
230 	 -1.0000 	 -0.5177
240 	 -1.0000 	 -0.5378
250 	 -1.0000 	 -0.5563
260 	 -1.0000 	 -0.5733
270 	 -1.0000 	 -0.5891
280 	 -1.0000 	 -0.6038
290 	 -1.0000 	 -0.6175
300 	 -1.0000 	 -0.6302
310 	 -1.0000 	 -0.6422
320 	 -1.0000 	 -0.6533
330 	 -1.0000 	 -0.6638
340 	 -1.0000 	 -0.6737
350 	 -1.0000 	 -0.6830
360 	 -1.0000 	 -0.6919
370 	 -1.0000 	 -0.7002
380 	 -1.0000 	 -0.7081
390 	 -1.0000 	 -0.7156
400 	 -1.0000 	 -0.7227
410 	 -0.9911 	 -0.7292
420 	 -1.0000 	 -0.7357
430 	 -0.9911 	 -0.7416
440 	 -1.0000 	 -0.7475
450 	 -1.0000 	 -0.7531
460 	 -1.0000 	 -0.7585
470 	 -1.0000 	 -0.7636
480 	 -1.0000 	 -0.7685
490 	 -1.0000 	 -0.7732
500 	 -1.0000 	 -0.7778
510 	 -1.0000 	 -0.7821
520 	 -1.0000 	 -0.7863
530 	 -1.0000 	 -0.7904
540 	 -1.0000 	 -0.7942
550 	 -1.0000 	 -0.7980
560 	 -1.0000 	 -0.8016
570 	 -1.0000 	 -0.8051
580 	 -1.0000 	 -0.8084
590 	 -1.0000 	 -0.8117
600 	 -1.0000 	 -0.8148
610 	 -1.0000 	 -0.8179
620 	 -1.0000 	 -0.8208
630 	 -1.0000 	 -0.8236
640 	 -1.0000 	 -0.8264
650 	 -1.0000 	 -0.8291
660 	 -1.0000 	 -0.8316
670 	 -1.0000 	 -0.8342
680 	 -1.0000 	 -0.8366
690 	 -1.0000 	 -0.8390
700 	 -1.0000 	 -0.8413
710 	 -1.0000 	 -0.8435
720 	 -1.0000 	 -0.8457
730 	 -1.0000 	 -0.8478
740 	 -1.0000 	 -0.8498
750 	 -1.0000 	 -0.8519
760 	 -1.0000 	 -0.8538
770 	 -1.0000 	 -0.8557
780 	 -1.0000 	 -0.8575
790 	 -1.0000 	 -0.8594
800 	 -1.0000 	 -0.8611
810 	 -1.0000 	 -0.8628
820 	 -1.0000 	 -0.8645
830 	 -1.0000 	 -0.8661
840 	 -1.0000 	 -0.8677
850 	 -1.0000 	 -0.8693
860 	 -1.0000 	 -0.8708
870 	 -1.0000 	 -0.8723
880 	 -1.0000 	 -0.8737
890 	 -0.9911 	 -0.8751
900 	 -1.0000 	 -0.8764
910 	 -1.0000 	 -0.8778
920 	 -1.0000 	 -0.8791
930 	 -1.0000 	 -0.8804
940 	 -1.0000 	 -0.8817
950 	 -1.0000 	 -0.8829
960 	 -1.0000 	 -0.8842
970 	 -1.0000 	 -0.8854
980 	 -1.0000 	 -0.8865
990 	 -1.0000 	 -0.8877
1000 	 -1.0000 	 -0.8888
1010 	 -1.0000 	 -0.8899
1020 	 -0.9911 	 -0.8909
1030 	 -1.0000 	 -0.8920
1040 	 -1.0000 	 -0.8930
1050 	 -1.0000 	 -0.8940
1060 	 -0.9911 	 -0.8949
1070 	 -1.0000 	 -0.8959
1080 	 -1.0000 	 -0.8969
1090 	 -0.9911 	 -0.8977
1100 	 -1.0000 	 -0.8987
1110 	 -1.0000 	 -0.8996
1120 	 -1.0000 	 -0.9005
1130 	 -1.0000 	 -0.9014
1140 	 -1.0000 	 -0.9022
1150 	 -1.0000 	 -0.9031
1160 	 -1.0000 	 -0.9039
1170 	 -1.0000 	 -0.9047
1180 	 -1.0000 	 -0.9055
1190 	 -1.0000 	 -0.9063
1200 	 -1.0000 	 -0.9071
1210 	 -0.9911 	 -0.9078
1220 	 -1.0000 	 -0.9086
1230 	 -1.0000 	 -0.9093
1240 	 -1.0000 	 -0.9100
1250 	 -1.0000 	 -0.9108
1260 	 -1.0000 	 -0.9115
1270 	 -1.0000 	 -0.9122
1280 	 -1.0000 	 -0.9128
1290 	 -1.0000 	 -0.9135
1300 	 -1.0000 	 -0.9142
1310 	 -1.0000 	 -0.9148
1320 	 -1.0000 	 -0.9155
1330 	 -1.0000 	 -0.9161
1340 	 -1.0000 	 -0.9167
1350 	 -1.0000 	 -0.9174
1360 	 -1.0000 	 -0.9180
1370 	 -1.0000 	 -0.9186
1380 	 -1.0000 	 -0.9192
1390 	 -1.0000 	 -0.9197
1400 	 -1.0000 	 -0.9203
1410 	 -1.0000 	 -0.9209
1420 	 -1.0000 	 -0.9214
1430 	 -1.0000 	 -0.9220
1440 	 -1.0000 	 -0.9225
1450 	 -1.0000 	 -0.9231
1460 	 -0.9822 	 -0.9235
1470 	 -1.0000 	 -0.9240
1480 	 -1.0000 	 -0.9245
1490 	 -1.0000 	 -0.9250
1500 	 -1.0000 	 -0.9255
1510 	 -1.0000 	 -0.9260
1520 	 -0.9911 	 -0.9264
1530 	 -1.0000 	 -0.9269
1540 	 -1.0000 	 -0.9274
1550 	 -1.0000 	 -0.9279
1560 	 -1.0000 	 -0.9283
1570 	 -1.0000 	 -0.9288
1580 	 -1.0000 	 -0.9292
1590 	 -1.0000 	 -0.9297
1600 	 -1.0000 	 -0.9301
1610 	 -1.0000 	 -0.9305
1620 	 -1.0000 	 -0.9310
1630 	 -1.0000 	 -0.9314
1640 	 -1.0000 	 -0.9318
1650 	 -1.0000 	 -0.9322
1660 	 -1.0000 	 -0.9326
1670 	 -1.0000 	 -0.9330
1680 	 -1.0000 	 -0.9334
1690 	 -1.0000 	 -0.9338
1700 	 -1.0000 	 -0.9342
1710 	 -1.0000 	 -0.9346
1720 	 -1.0000 	 -0.9350
1730 	 -1.0000 	 -0.9354
1740 	 -1.0000 	 -0.9357
1750 	 -1.0000 	 -0.9361
1760 	 -1.0000 	 -0.9365
1770 	 -0.9911 	 -0.9368
1780 	 -1.0000 	 -0.9371
1790 	 -1.0000 	 -0.9375
1800 	 -1.0000 	 -0.9378
1810 	 -1.0000 	 -0.9382
1820 	 -1.0000 	 -0.9385
1830 	 -1.0000 	 -0.9388
1840 	 -1.0000 	 -0.9392
1850 	 -0.9911 	 -0.9395
1860 	 -1.0000 	 -0.9398
1870 	 -1.0000 	 -0.9401
1880 	 -1.0000 	 -0.9404
1890 	 -1.0000 	 -0.9407
1900 	 -1.0000 	 -0.9411
1910 	 -1.0000 	 -0.9414
1920 	 -1.0000 	 -0.9417
1930 	 -1.0000 	 -0.9420
1940 	 -0.9911 	 -0.9422
1950 	 -1.0000 	 -0.9425
1960 	 -1.0000 	 -0.9428
1970 	 -1.0000 	 -0.9431
1980 	 -1.0000 	 -0.9434
1990 	 -1.0000 	 -0.9437
2000 	 -1.0000 	 -0.9440
2010 	 -1.0000 	 -0.9442
2020 	 -1.0000 	 -0.9445
2030 	 -1.0000 	 -0.9448
2040 	 -1.0000 	 -0.9451
2050 	 -1.0000 	 -0.9453
2060 	 -1.0000 	 -0.9456
2070 	 -1.0000 	 -0.9459
2080 	 -1.0000 	 -0.9461
2090 	 -1.0000 	 -0.9464
2100 	 -1.0000 	 -0.9466
2110 	 -1.0000 	 -0.9469
2120 	 -1.0000 	 -0.9471
2130 	 -1.0000 	 -0.9474
2140 	 -1.0000 	 -0.9476
2150 	 -1.0000 	 -0.9479
2160 	 -1.0000 	 -0.9481
2170 	 -1.0000 	 -0.9483
2180 	 -1.0000 	 -0.9486
2190 	 -1.0000 	 -0.9488
2200 	 -1.0000 	 -0.9491
2210 	 -1.0000 	 -0.9493
2220 	 -1.0000 	 -0.9495
2230 	 -1.0000 	 -0.9497
2240 	 -1.0000 	 -0.9500
2250 	 -1.0000 	 -0.9502
2260 	 -1.0000 	 -0.9504
2270 	 -1.0000 	 -0.9506
2280 	 -1.0000 	 -0.9508
2290 	 -1.0000 	 -0.9511
2300 	 -1.0000 	 -0.9513
2310 	 -1.0000 	 -0.9515
2320 	 -1.0000 	 -0.9517
2330 	 -1.0000 	 -0.9519
2340 	 -1.0000 	 -0.9521
2350 	 -1.0000 	 -0.9523
2360 	 -1.0000 	 -0.9525
2370 	 -0.9911 	 -0.9527
2380 	 -1.0000 	 -0.9529
2390 	 -1.0000 	 -0.9531
2400 	 -1.0000 	 -0.9533
2410 	 -1.0000 	 -0.9535
2420 	 -1.0000 	 -0.9536
2430 	 -1.0000 	 -0.9538
2440 	 -1.0000 	 -0.9540
2450 	 -0.9911 	 -0.9542
2460 	 -1.0000 	 -0.9544
2470 	 -1.0000 	 -0.9545
2480 	 -1.0000 	 -0.9547
2490 	 -1.0000 	 -0.9549
2500 	 -1.0000 	 -0.9551
2510 	 -1.0000 	 -0.9553
2520 	 -1.0000 	 -0.9554
2530 	 -1.0000 	 -0.9556
2540 	 -1.0000 	 -0.9558
2550 	 -1.0000 	 -0.9560
2560 	 -1.0000 	 -0.9561
2570 	 -1.0000 	 -0.9563
2580 	 -1.0000 	 -0.9565
2590 	 -1.0000 	 -0.9567
2600 	 -1.0000 	 -0.9568
2610 	 -1.0000 	 -0.9570
2620 	 -1.0000 	 -0.9572
2630 	 -1.0000 	 -0.9573
2640 	 -1.0000 	 -0.9575
2650 	 -1.0000 	 -0.9576
2660 	 -1.0000 	 -0.9578
2670 	 -0.9911 	 -0.9579
2680 	 -0.9911 	 -0.9580
2690 	 -1.0000 	 -0.9582
2700 	 -1.0000 	 -0.9584
2710 	 -1.0000 	 -0.9585
2720 	 -1.0000 	 -0.9587
2730 	 -1.0000 	 -0.9588
2740 	 -1.0000 	 -0.9590
2750 	 -1.0000 	 -0.9591
2760 	 -1.0000 	 -0.9593
2770 	 -1.0000 	 -0.9594
2780 	 -1.0000 	 -0.9596
2790 	 -1.0000 	 -0.9597
2800 	 -0.9822 	 -0.9598
2810 	 -1.0000 	 -0.9599
2820 	 -0.9911 	 -0.9600
2830 	 -1.0000 	 -0.9602
2840 	 -1.0000 	 -0.9603
2850 	 -1.0000 	 -0.9605
2860 	 -1.0000 	 -0.9606
2870 	 -1.0000 	 -0.9607
2880 	 -1.0000 	 -0.9609
2890 	 -1.0000 	 -0.9610
2900 	 -1.0000 	 -0.9611
2910 	 -1.0000 	 -0.9613
2920 	 -1.0000 	 -0.9614
2930 	 -1.0000 	 -0.9615
2940 	 -1.0000 	 -0.9617
2950 	 -1.0000 	 -0.9618
2960 	 -1.0000 	 -0.9619
2970 	 -1.0000 	 -0.9621
2980 	 -1.0000 	 -0.9622
2990 	 -1.0000 	 -0.9623
<M> = -0.9623 	 with sampling error = 0.00078746 	 and Var(M) = 0.05580903 
