MC simulation
T = 3.00 h = -0.01 J = 1.00
Nx = 15 by Nx = 15
Nsweeps = 3000 and Nsamp = 10

Step 	 M 		 <M>
0 	 0.0000 	 0.0000
10 	 0.1911 	 0.1911
20 	 -0.3778 	 -0.0933
30 	 -0.3956 	 -0.1941
40 	 -0.6089 	 -0.2978
50 	 -0.4489 	 -0.3280
60 	 -0.3511 	 -0.3319
70 	 -0.4400 	 -0.3473
80 	 -0.0222 	 -0.3067
90 	 -0.1911 	 -0.2938
100 	 -0.0756 	 -0.2720
110 	 -0.0844 	 -0.2549
120 	 0.0133 	 -0.2326
130 	 -0.0933 	 -0.2219
140 	 -0.2267 	 -0.2222
150 	 0.0311 	 -0.2053
160 	 -0.2089 	 -0.2056
170 	 -0.1822 	 -0.2042
180 	 -0.3156 	 -0.2104
190 	 -0.1822 	 -0.2089
200 	 -0.0222 	 -0.1996
210 	 0.0311 	 -0.1886
220 	 -0.0933 	 -0.1842
230 	 -0.1022 	 -0.1807
240 	 -0.2000 	 -0.1815
250 	 -0.1556 	 -0.1804
260 	 -0.0844 	 -0.1768
270 	 0.1467 	 -0.1648
280 	 -0.0933 	 -0.1622
290 	 -0.2622 	 -0.1657
300 	 -0.2711 	 -0.1692
310 	 -0.5733 	 -0.1822
320 	 0.0400 	 -0.1753
330 	 -0.2000 	 -0.1760
340 	 -0.1644 	 -0.1757
350 	 -0.0311 	 -0.1716
360 	 0.3511 	 -0.1570
370 	 0.2978 	 -0.1447
380 	 0.3067 	 -0.1329
390 	 0.2089 	 -0.1241
400 	 -0.0400 	 -0.1220
410 	 0.2978 	 -0.1118
420 	 0.1111 	 -0.1065
430 	 0.3333 	 -0.0962
440 	 0.3422 	 -0.0863
450 	 -0.1378 	 -0.0874
460 	 -0.0222 	 -0.0860
470 	 -0.0667 	 -0.0856
480 	 0.1644 	 -0.0804
490 	 0.0667 	 -0.0774
500 	 0.0044 	 -0.0757
510 	 0.0578 	 -0.0731
520 	 -0.0044 	 -0.0718
530 	 0.2444 	 -0.0658
540 	 -0.0044 	 -0.0647
550 	 0.1733 	 -0.0604
560 	 0.1200 	 -0.0571
570 	 0.3600 	 -0.0498
580 	 0.3333 	 -0.0432
590 	 0.1822 	 -0.0394
600 	 0.0133 	 -0.0385
610 	 -0.3333 	 -0.0434
620 	 -0.2533 	 -0.0467
630 	 0.1200 	 -0.0441
640 	 -0.4222 	 -0.0500
650 	 -0.3422 	 -0.0545
660 	 -0.1200 	 -0.0555
670 	 -0.2889 	 -0.0590
680 	 -0.1378 	 -0.0601
690 	 -0.1467 	 -0.0614
700 	 -0.0044 	 -0.0606
710 	 0.1200 	 -0.0580
720 	 0.0400 	 -0.0567
730 	 -0.0667 	 -0.0568
740 	 -0.0400 	 -0.0566
750 	 -0.0222 	 -0.0561
760 	 0.1644 	 -0.0532
770 	 -0.0844 	 -0.0536
780 	 -0.0222 	 -0.0532
790 	 0.0489 	 -0.0519
800 	 -0.3956 	 -0.0562
810 	 -0.0933 	 -0.0567
820 	 -0.3867 	 -0.0607
830 	 -0.2978 	 -0.0636
840 	 -0.3778 	 -0.0673
850 	 0.1022 	 -0.0653
860 	 -0.0400 	 -0.0650
870 	 -0.4667 	 -0.0696
880 	 -0.2267 	 -0.0714
890 	 -0.2533 	 -0.0735
900 	 -0.3156 	 -0.0761
910 	 -0.1911 	 -0.0774
920 	 -0.1200 	 -0.0779
930 	 0.1911 	 -0.0750
940 	 -0.2356 	 -0.0767
950 	 -0.1467 	 -0.0774
960 	 -0.3600 	 -0.0804
970 	 -0.0222 	 -0.0798
980 	 -0.3778 	 -0.0828
990 	 -0.5111 	 -0.0871
1000 	 -0.1644 	 -0.0879
1010 	 -0.3600 	 -0.0906
1020 	 -0.3867 	 -0.0935
1030 	 -0.5022 	 -0.0975
1040 	 -0.5733 	 -0.1021
1050 	 -0.2089 	 -0.1031
1060 	 -0.2267 	 -0.1042
1070 	 0.2356 	 -0.1011
1080 	 0.5378 	 -0.0951
1090 	 0.0756 	 -0.0936
1100 	 -0.1378 	 -0.0940
1110 	 -0.2356 	 -0.0953
1120 	 -0.0311 	 -0.0947
1130 	 0.0311 	 -0.0936
1140 	 -0.2267 	 -0.0947
1150 	 0.1200 	 -0.0929
1160 	 0.3689 	 -0.0889
1170 	 0.2089 	 -0.0863
1180 	 -0.2444 	 -0.0877
1190 	 -0.1556 	 -0.0883
1200 	 -0.1822 	 -0.0890
1210 	 -0.1733 	 -0.0897
1220 	 -0.1733 	 -0.0904
1230 	 -0.1111 	 -0.0906
1240 	 -0.1200 	 -0.0908
1250 	 -0.0578 	 -0.0906
1260 	 0.0756 	 -0.0892
1270 	 -0.1111 	 -0.0894
1280 	 0.2889 	 -0.0865
1290 	 -0.1644 	 -0.0871
1300 	 -0.1822 	 -0.0878
1310 	 -0.0578 	 -0.0876
1320 	 -0.1378 	 -0.0879
1330 	 -0.0667 	 -0.0878
1340 	 -0.0400 	 -0.0874
1350 	 0.2267 	 -0.0851
1360 	 0.0489 	 -0.0841
1370 	 -0.0222 	 -0.0837
1380 	 -0.0933 	 -0.0837
1390 	 -0.0222 	 -0.0833
1400 	 0.3244 	 -0.0804
1410 	 0.2356 	 -0.0781
1420 	 0.0578 	 -0.0772
1430 	 -0.4222 	 -0.0796
1440 	 0.1556 	 -0.0780
1450 	 0.1556 	 -0.0764
1460 	 -0.1467 	 -0.0768
1470 	 -0.0756 	 -0.0768
1480 	 0.0756 	 -0.0758
1490 	 -0.0489 	 -0.0756
1500 	 -0.2533 	 -0.0768
1510 	 -0.0400 	 -0.0766
1520 	 -0.1289 	 -0.0769
1530 	 0.1378 	 -0.0755
1540 	 -0.1911 	 -0.0762
1550 	 -0.2889 	 -0.0776
1560 	 0.1022 	 -0.0765
1570 	 0.3956 	 -0.0735
1580 	 0.2444 	 -0.0714
1590 	 -0.0133 	 -0.0711
1600 	 -0.1467 	 -0.0716
1610 	 0.1733 	 -0.0700
1620 	 0.3689 	 -0.0673
1630 	 -0.0133 	 -0.0670
1640 	 0.0400 	 -0.0663
1650 	 0.0222 	 -0.0658
1660 	 -0.1733 	 -0.0665
1670 	 0.0578 	 -0.0657
1680 	 -0.0311 	 -0.0655
1690 	 -0.1111 	 -0.0658
1700 	 -0.0933 	 -0.0659
1710 	 -0.0400 	 -0.0658
1720 	 -0.1111 	 -0.0660
1730 	 0.3244 	 -0.0638
1740 	 0.1822 	 -0.0624
1750 	 0.2533 	 -0.0606
1760 	 -0.0133 	 -0.0603
1770 	 -0.0578 	 -0.0603
1780 	 0.0667 	 -0.0596
1790 	 0.2889 	 -0.0576
1800 	 0.2889 	 -0.0557
1810 	 -0.2356 	 -0.0567
1820 	 0.3333 	 -0.0546
1830 	 0.3067 	 -0.0526
1840 	 0.3067 	 -0.0506
1850 	 0.1200 	 -0.0497
1860 	 0.0222 	 -0.0493
1870 	 0.3778 	 -0.0470
1880 	 0.2978 	 -0.0452
1890 	 -0.1911 	 -0.0460
1900 	 -0.3156 	 -0.0474
1910 	 -0.4133 	 -0.0493
1920 	 -0.4133 	 -0.0512
1930 	 -0.1378 	 -0.0517
1940 	 0.1822 	 -0.0504
1950 	 0.1289 	 -0.0495
1960 	 0.1467 	 -0.0485
1970 	 -0.0489 	 -0.0485
1980 	 0.0222 	 -0.0482
1990 	 -0.0222 	 -0.0480
2000 	 -0.2711 	 -0.0492
2010 	 0.0044 	 -0.0489
2020 	 -0.0222 	 -0.0488
2030 	 0.2444 	 -0.0473
2040 	 -0.0044 	 -0.0471
2050 	 0.3244 	 -0.0453
2060 	 0.2711 	 -0.0438
2070 	 0.0133 	 -0.0435
2080 	 0.1200 	 -0.0427
2090 	 0.1467 	 -0.0418
2100 	 0.1111 	 -0.0411
2110 	 0.0756 	 -0.0405
2120 	 0.3778 	 -0.0385
2130 	 0.1289 	 -0.0377
2140 	 -0.1378 	 -0.0382
2150 	 -0.2267 	 -0.0391
2160 	 -0.3956 	 -0.0407
2170 	 -0.2800 	 -0.0418
2180 	 -0.1022 	 -0.0421
2190 	 0.1111 	 -0.0414
2200 	 0.1111 	 -0.0407
2210 	 0.0756 	 -0.0402
2220 	 -0.0844 	 -0.0404
2230 	 -0.1378 	 -0.0408
2240 	 -0.1644 	 -0.0414
2250 	 0.0133 	 -0.0411
2260 	 -0.4578 	 -0.0430
2270 	 -0.2267 	 -0.0438
2280 	 -0.0756 	 -0.0439
2290 	 0.3600 	 -0.0422
2300 	 0.3156 	 -0.0406
2310 	 -0.0489 	 -0.0407
2320 	 0.1200 	 -0.0400
2330 	 0.0933 	 -0.0394
2340 	 -0.1111 	 -0.0397
2350 	 0.0933 	 -0.0391
2360 	 -0.1733 	 -0.0397
2370 	 -0.2000 	 -0.0404
2380 	 -0.1644 	 -0.0409
2390 	 -0.2178 	 -0.0416
2400 	 -0.0844 	 -0.0418
2410 	 0.0756 	 -0.0413
2420 	 -0.0667 	 -0.0414
2430 	 -0.0933 	 -0.0416
2440 	 -0.2622 	 -0.0426
2450 	 -0.3600 	 -0.0438
2460 	 -0.3600 	 -0.0451
2470 	 -0.4400 	 -0.0467
2480 	 -0.0933 	 -0.0469
2490 	 -0.1822 	 -0.0475
2500 	 -0.1022 	 -0.0477
2510 	 -0.0667 	 -0.0478
2520 	 -0.3778 	 -0.0491
2530 	 0.2356 	 -0.0479
2540 	 0.2800 	 -0.0466
2550 	 0.2444 	 -0.0455
2560 	 0.1111 	 -0.0449
2570 	 0.0578 	 -0.0445
2580 	 -0.0222 	 -0.0444
2590 	 0.1822 	 -0.0435
2600 	 0.0489 	 -0.0432
2610 	 -0.1200 	 -0.0435
2620 	 -0.0667 	 -0.0436
2630 	 0.0222 	 -0.0433
2640 	 0.0133 	 -0.0431
2650 	 0.1378 	 -0.0424
2660 	 0.1378 	 -0.0417
2670 	 0.4489 	 -0.0399
2680 	 0.0667 	 -0.0395
2690 	 0.1378 	 -0.0388
2700 	 0.0222 	 -0.0386
2710 	 0.1644 	 -0.0379
2720 	 0.4933 	 -0.0359
2730 	 -0.1556 	 -0.0364
2740 	 0.0844 	 -0.0359
2750 	 0.4311 	 -0.0342
2760 	 0.5111 	 -0.0322
2770 	 0.3511 	 -0.0309
2780 	 -0.0044 	 -0.0308
2790 	 0.0844 	 -0.0303
2800 	 -0.0400 	 -0.0304
2810 	 -0.1733 	 -0.0309
2820 	 0.0044 	 -0.0308
2830 	 -0.2000 	 -0.0314
2840 	 0.1022 	 -0.0309
2850 	 0.3422 	 -0.0296
2860 	 0.3600 	 -0.0282
2870 	 0.0667 	 -0.0279
2880 	 0.1644 	 -0.0272
2890 	 0.0844 	 -0.0268
2900 	 -0.2711 	 -0.0277
2910 	 -0.5644 	 -0.0295
2920 	 -0.3689 	 -0.0307
2930 	 0.0578 	 -0.0304
2940 	 0.3689 	 -0.0290
2950 	 0.0489 	 -0.0288
2960 	 -0.2267 	 -0.0294
2970 	 -0.1378 	 -0.0298
2980 	 0.1378 	 -0.0292
2990 	 0.0311 	 -0.0290
<M> = -0.0290 	 with sampling error = 0.00025298 	 and Var(M) = 0.00575981 
MC simulation
T = 3.00 h = -0.00 J = 1.00
Nx = 15 by Nx = 15
Nsweeps = 3000 and Nsamp = 10

Step 	 M 		 <M>
0 	 0.0000 	 0.0000
10 	 0.0667 	 -0.0287
20 	 -0.3689 	 -0.0298
30 	 -0.3244 	 -0.0308
40 	 -0.1733 	 -0.0313
50 	 -0.2711 	 -0.0321
60 	 -0.0844 	 -0.0322
70 	 -0.1467 	 -0.0326
80 	 -0.3244 	 -0.0336
90 	 -0.1200 	 -0.0339
100 	 0.0489 	 -0.0336
110 	 0.0933 	 -0.0332
120 	 -0.0756 	 -0.0333
130 	 0.0133 	 -0.0332
140 	 0.1733 	 -0.0325
150 	 -0.0756 	 -0.0326
160 	 -0.1200 	 -0.0329
170 	 0.0933 	 -0.0325
180 	 0.3867 	 -0.0312
190 	 0.0489 	 -0.0309
200 	 0.1200 	 -0.0305
210 	 -0.0489 	 -0.0305
220 	 0.1200 	 -0.0301
230 	 0.1733 	 -0.0294
240 	 0.3244 	 -0.0283
250 	 0.1378 	 -0.0278
260 	 0.2000 	 -0.0271
270 	 0.0222 	 -0.0270
280 	 -0.1022 	 -0.0272
290 	 -0.1556 	 -0.0276
300 	 -0.2356 	 -0.0282
310 	 -0.5111 	 -0.0297
320 	 -0.2000 	 -0.0302
330 	 -0.3511 	 -0.0312
340 	 -0.5644 	 -0.0328
350 	 0.0222 	 -0.0326
360 	 -0.0933 	 -0.0328
370 	 -0.5022 	 -0.0342
380 	 -0.1911 	 -0.0346
390 	 -0.0133 	 -0.0346
400 	 0.2267 	 -0.0338
410 	 -0.1822 	 -0.0342
420 	 -0.3333 	 -0.0351
430 	 -0.1467 	 -0.0355
440 	 -0.2444 	 -0.0361
450 	 -0.1022 	 -0.0363
460 	 -0.0311 	 -0.0362
470 	 -0.2889 	 -0.0370
480 	 0.1911 	 -0.0363
490 	 0.3422 	 -0.0352
500 	 0.2622 	 -0.0344
510 	 -0.0400 	 -0.0344
520 	 -0.1556 	 -0.0347
530 	 -0.0756 	 -0.0348
540 	 0.0933 	 -0.0345
550 	 0.1289 	 -0.0340
560 	 -0.3778 	 -0.0350
570 	 -0.1111 	 -0.0352
580 	 0.0044 	 -0.0351
590 	 0.0400 	 -0.0349
600 	 0.1289 	 -0.0344
610 	 0.1200 	 -0.0340
620 	 0.2089 	 -0.0333
630 	 0.2000 	 -0.0327
640 	 0.0222 	 -0.0325
650 	 0.1289 	 -0.0321
660 	 0.0578 	 -0.0318
670 	 0.1644 	 -0.0313
680 	 -0.1022 	 -0.0315
690 	 -0.0933 	 -0.0317
700 	 -0.0933 	 -0.0318
710 	 -0.2978 	 -0.0326
720 	 -0.1733 	 -0.0329
730 	 -0.0844 	 -0.0331
740 	 -0.4578 	 -0.0342
750 	 -0.1822 	 -0.0346
760 	 0.0578 	 -0.0344
770 	 -0.2444 	 -0.0349
780 	 -0.1200 	 -0.0351
790 	 -0.1200 	 -0.0354
800 	 -0.3511 	 -0.0362
810 	 -0.0756 	 -0.0363
820 	 0.4489 	 -0.0350
830 	 0.1733 	 -0.0345
840 	 0.2178 	 -0.0338
850 	 0.2356 	 -0.0331
860 	 0.2178 	 -0.0325
870 	 0.0667 	 -0.0322
880 	 0.0044 	 -0.0321
890 	 -0.2000 	 -0.0326
900 	 -0.0756 	 -0.0327
910 	 -0.1200 	 -0.0329
920 	 0.0578 	 -0.0327
930 	 -0.2800 	 -0.0333
940 	 -0.3689 	 -0.0341
950 	 -0.0844 	 -0.0343
960 	 -0.2533 	 -0.0348
970 	 0.0133 	 -0.0347
980 	 -0.4044 	 -0.0356
990 	 -0.2533 	 -0.0362
1000 	 -0.4222 	 -0.0371
1010 	 -0.4133 	 -0.0381
1020 	 -0.2711 	 -0.0387
1030 	 -0.1733 	 -0.0390
1040 	 0.2533 	 -0.0383
1050 	 0.5822 	 -0.0367
1060 	 0.3956 	 -0.0357
1070 	 -0.2267 	 -0.0361
1080 	 -0.3689 	 -0.0370
1090 	 -0.3511 	 -0.0377
1100 	 -0.3156 	 -0.0384
1110 	 -0.3422 	 -0.0392
1120 	 0.0044 	 -0.0390
1130 	 0.0756 	 -0.0388
1140 	 -0.4311 	 -0.0397
1150 	 -0.5289 	 -0.0409
1160 	 -0.0489 	 -0.0409
1170 	 0.4222 	 -0.0398
1180 	 -0.0844 	 -0.0399
1190 	 0.1022 	 -0.0396
1200 	 -0.0578 	 -0.0396
1210 	 -0.3067 	 -0.0403
1220 	 -0.1289 	 -0.0405
1230 	 -0.1467 	 -0.0407
1240 	 -0.2267 	 -0.0412
1250 	 -0.1644 	 -0.0414
1260 	 -0.1556 	 -0.0417
1270 	 0.2533 	 -0.0410
1280 	 0.1733 	 -0.0405
1290 	 -0.0756 	 -0.0406
1300 	 0.2000 	 -0.0400
1310 	 0.1911 	 -0.0395
1320 	 -0.1822 	 -0.0398
1330 	 -0.3422 	 -0.0405
1340 	 -0.0222 	 -0.0405
1350 	 -0.2889 	 -0.0411
1360 	 0.0400 	 -0.0409
1370 	 0.2444 	 -0.0402
1380 	 0.1289 	 -0.0398
1390 	 0.2889 	 -0.0391
1400 	 0.1822 	 -0.0386
1410 	 -0.1378 	 -0.0388
1420 	 -0.1200 	 -0.0390
1430 	 -0.2000 	 -0.0394
1440 	 -0.2267 	 -0.0398
1450 	 -0.3689 	 -0.0405
1460 	 -0.2889 	 -0.0411
1470 	 -0.1644 	 -0.0414
1480 	 0.1378 	 -0.0410
1490 	 0.2089 	 -0.0404
1500 	 0.2800 	 -0.0397
1510 	 0.1289 	 -0.0393
1520 	 0.3067 	 -0.0385
1530 	 0.2978 	 -0.0378
1540 	 0.5733 	 -0.0364
1550 	 0.2711 	 -0.0358
1560 	 -0.0489 	 -0.0358
1570 	 -0.0667 	 -0.0359
1580 	 -0.1378 	 -0.0361
1590 	 -0.1111 	 -0.0363
1600 	 -0.0756 	 -0.0363
1610 	 0.0578 	 -0.0361
1620 	 0.1467 	 -0.0357
1630 	 0.2533 	 -0.0351
1640 	 -0.3956 	 -0.0359
1650 	 -0.1022 	 -0.0360
1660 	 0.2800 	 -0.0354
1670 	 -0.0578 	 -0.0354
1680 	 0.0489 	 -0.0352
1690 	 -0.2444 	 -0.0357
1700 	 -0.2889 	 -0.0362
1710 	 -0.0578 	 -0.0363
1720 	 0.0133 	 -0.0362
1730 	 -0.0222 	 -0.0361
1740 	 0.2533 	 -0.0355
1750 	 0.2178 	 -0.0350
1760 	 0.2178 	 -0.0344
1770 	 -0.0933 	 -0.0346
1780 	 -0.1111 	 -0.0347
1790 	 -0.1378 	 -0.0349
1800 	 -0.1467 	 -0.0352
1810 	 -0.2089 	 -0.0355
1820 	 -0.2178 	 -0.0359
1830 	 -0.4667 	 -0.0368
1840 	 -0.7156 	 -0.0382
1850 	 -0.2444 	 -0.0386
1860 	 0.1467 	 -0.0383
1870 	 0.4400 	 -0.0373
1880 	 0.0489 	 -0.0371
1890 	 -0.0133 	 -0.0370
1900 	 0.2178 	 -0.0365
1910 	 -0.2533 	 -0.0370
1920 	 0.3511 	 -0.0362
1930 	 0.0489 	 -0.0360
1940 	 -0.0756 	 -0.0361
1950 	 -0.2533 	 -0.0365
1960 	 -0.1378 	 -0.0367
1970 	 -0.1022 	 -0.0369
1980 	 -0.1644 	 -0.0371
1990 	 0.1289 	 -0.0368
2000 	 0.0400 	 -0.0366
2010 	 -0.2889 	 -0.0371
2020 	 -0.5289 	 -0.0381
2030 	 -0.5378 	 -0.0391
2040 	 -0.3156 	 -0.0397
2050 	 -0.3867 	 -0.0404
2060 	 0.0133 	 -0.0402
2070 	 0.2356 	 -0.0397
2080 	 -0.0222 	 -0.0397
2090 	 -0.0222 	 -0.0396
2100 	 -0.0933 	 -0.0397
2110 	 -0.2000 	 -0.0401
2120 	 0.0133 	 -0.0399
2130 	 -0.0578 	 -0.0400
2140 	 -0.0578 	 -0.0400
2150 	 0.1644 	 -0.0396
2160 	 0.0756 	 -0.0394
2170 	 0.1911 	 -0.0389
2180 	 0.3333 	 -0.0382
2190 	 0.3333 	 -0.0375
2200 	 0.4222 	 -0.0366
2210 	 0.3067 	 -0.0360
2220 	 0.0044 	 -0.0359
2230 	 0.0578 	 -0.0357
2240 	 -0.0933 	 -0.0358
2250 	 -0.4844 	 -0.0367
2260 	 -0.2889 	 -0.0372
2270 	 0.1289 	 -0.0368
2280 	 0.0489 	 -0.0367
2290 	 -0.0489 	 -0.0367
2300 	 -0.4933 	 -0.0376
2310 	 -0.3067 	 -0.0381
2320 	 -0.3156 	 -0.0386
2330 	 0.0044 	 -0.0385
2340 	 0.0311 	 -0.0384
2350 	 0.1111 	 -0.0381
2360 	 -0.1644 	 -0.0383
2370 	 -0.0844 	 -0.0384
2380 	 -0.0933 	 -0.0385
2390 	 -0.1822 	 -0.0388
2400 	 -0.3867 	 -0.0394
2410 	 -0.4133 	 -0.0401
2420 	 -0.3689 	 -0.0407
2430 	 0.0489 	 -0.0406
2440 	 -0.0044 	 -0.0405
2450 	 -0.3244 	 -0.0410
2460 	 -0.3600 	 -0.0416
2470 	 -0.4133 	 -0.0423
2480 	 -0.4578 	 -0.0431
2490 	 -0.4044 	 -0.0437
2500 	 -0.5289 	 -0.0446
2510 	 -0.2267 	 -0.0449
2520 	 -0.5022 	 -0.0458
2530 	 -0.1556 	 -0.0460
2540 	 -0.0311 	 -0.0459
2550 	 0.0311 	 -0.0458
2560 	 0.0400 	 -0.0456
2570 	 -0.1289 	 -0.0458
2580 	 -0.1022 	 -0.0459
2590 	 -0.2800 	 -0.0463
2600 	 -0.2356 	 -0.0466
2610 	 -0.6089 	 -0.0477
2620 	 -0.1733 	 -0.0479
2630 	 -0.2356 	 -0.0482
2640 	 0.4133 	 -0.0474
2650 	 0.1733 	 -0.0470
2660 	 -0.1022 	 -0.0471
2670 	 -0.3511 	 -0.0476
2680 	 -0.1022 	 -0.0477
2690 	 -0.2444 	 -0.0481
2700 	 -0.2089 	 -0.0484
2710 	 -0.0667 	 -0.0484
2720 	 -0.1111 	 -0.0485
2730 	 -0.3422 	 -0.0490
2740 	 -0.0222 	 -0.0490
2750 	 -0.2178 	 -0.0493
2760 	 -0.4844 	 -0.0500
2770 	 -0.1200 	 -0.0501
2780 	 -0.1289 	 -0.0503
2790 	 -0.4133 	 -0.0509
2800 	 -0.1111 	 -0.0510
2810 	 -0.2267 	 -0.0513
2820 	 -0.7422 	 -0.0525
2830 	 -0.2089 	 -0.0528
2840 	 -0.6978 	 -0.0539
2850 	 -0.4578 	 -0.0546
2860 	 -0.2000 	 -0.0548
2870 	 0.1022 	 -0.0545
2880 	 0.3067 	 -0.0539
2890 	 -0.2800 	 -0.0543
2900 	 0.0667 	 -0.0541
2910 	 -0.0667 	 -0.0541
2920 	 0.1378 	 -0.0538
2930 	 -0.1467 	 -0.0540
2940 	 0.0222 	 -0.0538
2950 	 0.0400 	 -0.0537
2960 	 -0.2533 	 -0.0540
2970 	 0.0933 	 -0.0538
2980 	 0.0133 	 -0.0537
2990 	 0.5111 	 -0.0527
<M> = -0.0527 	 with sampling error = 0.00015423 	 and Var(M) = 0.00214080 
MC simulation
T = 3.00 h = -0.00 J = 1.00
Nx = 15 by Nx = 15
Nsweeps = 3000 and Nsamp = 10

Step 	 M 		 <M>
0 	 0.0000 	 0.0000
10 	 0.2711 	 -0.0522
20 	 0.2178 	 -0.0517
30 	 0.1556 	 -0.0514
40 	 0.1556 	 -0.0510
50 	 0.3689 	 -0.0503
60 	 -0.3244 	 -0.0508
70 	 -0.2000 	 -0.0510
80 	 -0.2267 	 -0.0513
90 	 -0.1378 	 -0.0515
100 	 -0.1200 	 -0.0516
110 	 -0.1200 	 -0.0517
120 	 -0.2800 	 -0.0521
130 	 0.0133 	 -0.0520
140 	 0.0311 	 -0.0518
150 	 -0.2089 	 -0.0521
160 	 0.0933 	 -0.0518
170 	 0.0756 	 -0.0516
180 	 -0.0044 	 -0.0516
190 	 0.3689 	 -0.0509
200 	 -0.2622 	 -0.0512
210 	 -0.0756 	 -0.0513
220 	 -0.0044 	 -0.0512
230 	 -0.1111 	 -0.0513
240 	 -0.0133 	 -0.0512
250 	 0.1378 	 -0.0509
260 	 -0.3600 	 -0.0514
270 	 0.1289 	 -0.0511
280 	 -0.1111 	 -0.0512
290 	 -0.0311 	 -0.0512
300 	 -0.1556 	 -0.0514
310 	 -0.1733 	 -0.0515
320 	 -0.2267 	 -0.0518
330 	 -0.2889 	 -0.0522
340 	 -0.1733 	 -0.0524
350 	 0.3156 	 -0.0518
360 	 0.1022 	 -0.0516
370 	 0.0844 	 -0.0514
380 	 0.1200 	 -0.0511
390 	 0.1556 	 -0.0508
400 	 0.4400 	 -0.0500
410 	 0.1556 	 -0.0497
420 	 0.4578 	 -0.0489
430 	 -0.1378 	 -0.0490
440 	 0.0578 	 -0.0488
450 	 -0.2889 	 -0.0492
460 	 -0.0222 	 -0.0492
470 	 -0.1022 	 -0.0493
480 	 -0.0044 	 -0.0492
490 	 0.3067 	 -0.0486
500 	 0.2889 	 -0.0481
510 	 0.4044 	 -0.0474
520 	 0.2178 	 -0.0470
530 	 0.1822 	 -0.0467
540 	 -0.0489 	 -0.0467
550 	 -0.1911 	 -0.0469
560 	 -0.1111 	 -0.0470
570 	 -0.4222 	 -0.0476
580 	 -0.0044 	 -0.0475
590 	 0.2800 	 -0.0470
600 	 -0.1200 	 -0.0471
610 	 0.0044 	 -0.0470
620 	 0.1200 	 -0.0468
630 	 -0.1733 	 -0.0470
640 	 0.0133 	 -0.0469
650 	 0.1289 	 -0.0466
660 	 0.4044 	 -0.0459
670 	 0.1556 	 -0.0456
680 	 0.1378 	 -0.0454
690 	 0.4844 	 -0.0446
700 	 -0.1733 	 -0.0448
710 	 0.0222 	 -0.0447
720 	 -0.1378 	 -0.0448
730 	 -0.2622 	 -0.0451
740 	 -0.3422 	 -0.0456
750 	 -0.0133 	 -0.0455
760 	 -0.2533 	 -0.0458
770 	 -0.1556 	 -0.0460
780 	 0.1556 	 -0.0457
790 	 -0.1378 	 -0.0458
800 	 -0.1111 	 -0.0459
810 	 0.0222 	 -0.0458
820 	 -0.0844 	 -0.0459
830 	 0.0133 	 -0.0458
840 	 0.2000 	 -0.0454
850 	 0.1467 	 -0.0451
860 	 0.1200 	 -0.0449
870 	 0.0578 	 -0.0447
880 	 0.3511 	 -0.0442
890 	 0.3867 	 -0.0435
900 	 0.2978 	 -0.0430
910 	 -0.0489 	 -0.0431
920 	 -0.2444 	 -0.0433
930 	 0.0578 	 -0.0432
940 	 -0.1822 	 -0.0434
950 	 0.1111 	 -0.0432
960 	 -0.1822 	 -0.0434
970 	 -0.0222 	 -0.0434
980 	 0.3156 	 -0.0428
990 	 0.3422 	 -0.0423
1000 	 0.2178 	 -0.0419
1010 	 0.0400 	 -0.0418
1020 	 0.2267 	 -0.0414
1030 	 0.0489 	 -0.0413
1040 	 0.1644 	 -0.0410
1050 	 -0.0578 	 -0.0410
1060 	 -0.0756 	 -0.0411
1070 	 -0.3067 	 -0.0414
1080 	 -0.0133 	 -0.0414
1090 	 -0.1289 	 -0.0415
1100 	 -0.1111 	 -0.0416
1110 	 -0.1289 	 -0.0417
1120 	 0.2000 	 -0.0414
1130 	 -0.1200 	 -0.0415
1140 	 -0.0933 	 -0.0416
1150 	 0.1556 	 -0.0413
1160 	 0.2711 	 -0.0409
1170 	 -0.0578 	 -0.0409
1180 	 0.2889 	 -0.0404
1190 	 0.4133 	 -0.0398
1200 	 -0.0489 	 -0.0398
1210 	 -0.4044 	 -0.0403
1220 	 -0.3067 	 -0.0407
1230 	 -0.1022 	 -0.0408
1240 	 -0.0044 	 -0.0407
1250 	 -0.0222 	 -0.0407
1260 	 0.2711 	 -0.0403
1270 	 0.1022 	 -0.0401
1280 	 -0.0133 	 -0.0400
1290 	 0.0844 	 -0.0399
1300 	 -0.0667 	 -0.0399
1310 	 -0.0844 	 -0.0400
1320 	 0.1378 	 -0.0397
1330 	 0.1822 	 -0.0394
1340 	 0.0667 	 -0.0393
1350 	 -0.2622 	 -0.0396
1360 	 -0.1200 	 -0.0397
1370 	 0.0756 	 -0.0395
1380 	 -0.0400 	 -0.0395
1390 	 0.1822 	 -0.0392
1400 	 -0.2267 	 -0.0395
1410 	 0.2622 	 -0.0391
1420 	 0.0667 	 -0.0389
1430 	 0.4756 	 -0.0382
1440 	 0.1111 	 -0.0380
1450 	 -0.1289 	 -0.0382
1460 	 0.3689 	 -0.0376
1470 	 0.1200 	 -0.0374
1480 	 -0.0489 	 -0.0374
1490 	 0.4489 	 -0.0368
1500 	 0.2178 	 -0.0364
1510 	 0.1022 	 -0.0362
1520 	 0.2622 	 -0.0358
1530 	 0.0311 	 -0.0358
1540 	 0.0933 	 -0.0356
1550 	 0.1911 	 -0.0353
1560 	 0.1822 	 -0.0350
1570 	 0.0133 	 -0.0349
1580 	 0.1467 	 -0.0347
1590 	 0.0222 	 -0.0346
1600 	 -0.0756 	 -0.0347
1610 	 -0.0667 	 -0.0347
1620 	 0.1022 	 -0.0345
1630 	 -0.0489 	 -0.0345
1640 	 0.2267 	 -0.0342
1650 	 0.2000 	 -0.0339
1660 	 0.1556 	 -0.0336
1670 	 0.2356 	 -0.0333
1680 	 0.0489 	 -0.0332
1690 	 -0.0489 	 -0.0332
1700 	 0.0044 	 -0.0332
1710 	 -0.3244 	 -0.0335
1720 	 0.0933 	 -0.0334
1730 	 0.0311 	 -0.0333
1740 	 0.0844 	 -0.0331
1750 	 -0.1556 	 -0.0333
1760 	 -0.2711 	 -0.0336
1770 	 -0.2089 	 -0.0338
1780 	 0.0578 	 -0.0337
1790 	 0.1200 	 -0.0335
1800 	 -0.3867 	 -0.0340
1810 	 -0.4222 	 -0.0345
1820 	 -0.1822 	 -0.0347
1830 	 0.3244 	 -0.0342
1840 	 -0.0311 	 -0.0342
1850 	 0.0222 	 -0.0341
1860 	 0.1289 	 -0.0339
1870 	 -0.0578 	 -0.0339
1880 	 -0.0311 	 -0.0339
1890 	 0.2889 	 -0.0335
1900 	 0.0311 	 -0.0334
1910 	 0.2000 	 -0.0332
1920 	 -0.1289 	 -0.0333
1930 	 0.0756 	 -0.0331
1940 	 -0.1289 	 -0.0333
1950 	 0.1111 	 -0.0331
1960 	 -0.1467 	 -0.0332
1970 	 -0.1467 	 -0.0334
1980 	 -0.1378 	 -0.0335
1990 	 0.0311 	 -0.0334
2000 	 -0.3511 	 -0.0338
2010 	 -0.2356 	 -0.0341
2020 	 -0.0044 	 -0.0340
2030 	 -0.2622 	 -0.0343
2040 	 -0.1556 	 -0.0345
2050 	 0.2622 	 -0.0341
2060 	 0.1822 	 -0.0338
2070 	 0.1289 	 -0.0336
2080 	 0.1733 	 -0.0334
2090 	 0.3333 	 -0.0329
2100 	 0.0222 	 -0.0328
2110 	 -0.0667 	 -0.0329
2120 	 -0.0667 	 -0.0329
2130 	 0.0933 	 -0.0328
2140 	 -0.1644 	 -0.0329
2150 	 -0.0133 	 -0.0329
2160 	 -0.3156 	 -0.0333
2170 	 0.0756 	 -0.0331
2180 	 -0.1200 	 -0.0332
2190 	 0.2267 	 -0.0329
2200 	 -0.0933 	 -0.0330
2210 	 -0.0400 	 -0.0330
2220 	 -0.0756 	 -0.0330
2230 	 0.1289 	 -0.0328
2240 	 0.3689 	 -0.0324
2250 	 -0.1733 	 -0.0325
2260 	 0.1911 	 -0.0323
2270 	 0.1733 	 -0.0320
2280 	 -0.0756 	 -0.0321
2290 	 -0.1911 	 -0.0323
2300 	 0.1467 	 -0.0320
2310 	 0.4044 	 -0.0315
2320 	 0.1378 	 -0.0313
2330 	 -0.0133 	 -0.0313
2340 	 0.1111 	 -0.0311
2350 	 0.0756 	 -0.0310
2360 	 0.0578 	 -0.0309
2370 	 -0.0933 	 -0.0310
2380 	 0.0311 	 -0.0309
2390 	 0.1556 	 -0.0307
2400 	 -0.1111 	 -0.0308
2410 	 -0.3689 	 -0.0312
2420 	 -0.3600 	 -0.0315
2430 	 -0.1111 	 -0.0316
2440 	 -0.3778 	 -0.0321
2450 	 -0.2622 	 -0.0323
2460 	 -0.0667 	 -0.0324
2470 	 -0.3778 	 -0.0328
2480 	 -0.0667 	 -0.0328
2490 	 0.1022 	 -0.0327
2500 	 0.0844 	 -0.0325
2510 	 0.1111 	 -0.0323
2520 	 0.1822 	 -0.0321
2530 	 0.1378 	 -0.0319
2540 	 0.1911 	 -0.0316
2550 	 0.0400 	 -0.0315
2560 	 0.0222 	 -0.0315
2570 	 -0.2356 	 -0.0317
2580 	 0.1022 	 -0.0316
2590 	 -0.1644 	 -0.0317
2600 	 -0.4311 	 -0.0322
2610 	 -0.1022 	 -0.0323
2620 	 0.0578 	 -0.0322
2630 	 0.2711 	 -0.0318
2640 	 0.0311 	 -0.0317
2650 	 -0.1644 	 -0.0319
2660 	 -0.1644 	 -0.0320
2670 	 -0.1644 	 -0.0322
2680 	 -0.2267 	 -0.0324
2690 	 -0.1556 	 -0.0326
2700 	 0.0844 	 -0.0324
2710 	 -0.2889 	 -0.0327
2720 	 -0.1822 	 -0.0329
2730 	 -0.2267 	 -0.0331
2740 	 0.0044 	 -0.0331
2750 	 0.0667 	 -0.0330
2760 	 -0.0400 	 -0.0330
2770 	 -0.1111 	 -0.0331
2780 	 0.1733 	 -0.0328
2790 	 0.1200 	 -0.0327
2800 	 -0.2711 	 -0.0329
2810 	 -0.2800 	 -0.0332
2820 	 0.5378 	 -0.0326
2830 	 -0.4222 	 -0.0330
2840 	 -0.1111 	 -0.0331
2850 	 -0.3956 	 -0.0335
2860 	 0.2889 	 -0.0331
2870 	 0.0133 	 -0.0331
2880 	 -0.2089 	 -0.0333
2890 	 -0.2356 	 -0.0335
2900 	 -0.3244 	 -0.0338
2910 	 -0.0133 	 -0.0338
2920 	 0.0400 	 -0.0337
2930 	 0.2533 	 -0.0334
2940 	 0.2267 	 -0.0331
2950 	 -0.2533 	 -0.0334
2960 	 -0.1111 	 -0.0334
2970 	 -0.3067 	 -0.0338
2980 	 -0.0933 	 -0.0338
2990 	 0.0667 	 -0.0337
<M> = -0.0337 	 with sampling error = 0.00014236 	 and Var(M) = 0.00182402 
MC simulation
T = 3.00 h = -0.00 J = 1.00
Nx = 15 by Nx = 15
Nsweeps = 3000 and Nsamp = 10

Step 	 M 		 <M>
0 	 -1.0000 	 -1.0000
10 	 -0.2267 	 -0.0339
20 	 -0.3244 	 -0.0342
30 	 0.2178 	 -0.0340
40 	 0.1200 	 -0.0338
50 	 -0.2000 	 -0.0340
60 	 -0.0933 	 -0.0340
70 	 0.0311 	 -0.0340
80 	 0.0667 	 -0.0339
90 	 -0.0311 	 -0.0339
100 	 0.3156 	 -0.0335
110 	 0.4044 	 -0.0330
120 	 0.4133 	 -0.0325
130 	 0.1822 	 -0.0323
140 	 0.4222 	 -0.0318
150 	 -0.0844 	 -0.0318
160 	 -0.3956 	 -0.0322
170 	 -0.1467 	 -0.0323
180 	 0.2533 	 -0.0320
190 	 0.0133 	 -0.0320
200 	 -0.4933 	 -0.0325
210 	 -0.1289 	 -0.0326
220 	 -0.0133 	 -0.0326
230 	 -0.1022 	 -0.0326
240 	 -0.4133 	 -0.0331
250 	 -0.3956 	 -0.0335
260 	 -0.3333 	 -0.0338
270 	 -0.3067 	 -0.0341
280 	 -0.4222 	 -0.0345
290 	 0.1467 	 -0.0343
300 	 0.3244 	 -0.0339
310 	 0.3867 	 -0.0335
320 	 0.0489 	 -0.0334
330 	 0.4311 	 -0.0329
340 	 0.2178 	 -0.0326
350 	 0.2978 	 -0.0322
360 	 0.2711 	 -0.0319
370 	 0.5022 	 -0.0313
380 	 0.0222 	 -0.0313
390 	 -0.1289 	 -0.0314
400 	 -0.0667 	 -0.0314
410 	 -0.2178 	 -0.0316
420 	 -0.1200 	 -0.0317
430 	 -0.1911 	 -0.0319
440 	 -0.4489 	 -0.0323
450 	 -0.2978 	 -0.0326
460 	 -0.0756 	 -0.0327
470 	 -0.0044 	 -0.0326
480 	 0.1733 	 -0.0324
490 	 0.0844 	 -0.0323
500 	 0.4578 	 -0.0318
510 	 0.0044 	 -0.0317
520 	 -0.3511 	 -0.0321
530 	 -0.6178 	 -0.0327
540 	 -0.3244 	 -0.0330
550 	 0.0844 	 -0.0329
560 	 -0.0844 	 -0.0329
570 	 0.1644 	 -0.0327
580 	 0.1200 	 -0.0326
590 	 -0.4489 	 -0.0330
600 	 -0.3600 	 -0.0333
610 	 -0.3600 	 -0.0337
620 	 0.3422 	 -0.0333
630 	 -0.2356 	 -0.0335
640 	 0.2444 	 -0.0332
650 	 -0.1556 	 -0.0333
660 	 0.1467 	 -0.0332
670 	 -0.2267 	 -0.0334
680 	 -0.1556 	 -0.0335
690 	 -0.1111 	 -0.0336
700 	 0.0756 	 -0.0334
710 	 -0.2533 	 -0.0337
720 	 -0.4311 	 -0.0341
730 	 -0.1289 	 -0.0342
740 	 -0.0756 	 -0.0342
750 	 -0.1378 	 -0.0343
760 	 -0.1822 	 -0.0345
770 	 -0.2000 	 -0.0347
780 	 -0.2178 	 -0.0348
790 	 0.0133 	 -0.0348
800 	 0.0667 	 -0.0347
810 	 0.4667 	 -0.0342
820 	 0.1644 	 -0.0340
830 	 0.2356 	 -0.0337
840 	 -0.0222 	 -0.0337
850 	 -0.1467 	 -0.0338
860 	 -0.1289 	 -0.0339
870 	 0.0844 	 -0.0338
880 	 0.1644 	 -0.0336
890 	 0.1733 	 -0.0334
900 	 -0.0933 	 -0.0334
910 	 0.0400 	 -0.0334
920 	 -0.0756 	 -0.0334
930 	 0.1556 	 -0.0332
940 	 0.2356 	 -0.0329
950 	 -0.1200 	 -0.0330
960 	 -0.1022 	 -0.0331
970 	 0.1022 	 -0.0330
980 	 0.1644 	 -0.0328
990 	 -0.0667 	 -0.0328
1000 	 -0.2267 	 -0.0330
1010 	 -0.6178 	 -0.0336
1020 	 0.0133 	 -0.0335
1030 	 -0.1556 	 -0.0336
1040 	 -0.3600 	 -0.0340
1050 	 -0.3244 	 -0.0343
1060 	 -0.6711 	 -0.0349
1070 	 -0.1378 	 -0.0350
1080 	 -0.1378 	 -0.0351
1090 	 0.5200 	 -0.0345
1100 	 0.1644 	 -0.0344
1110 	 -0.1733 	 -0.0345
1120 	 0.0489 	 -0.0344
1130 	 -0.0489 	 -0.0344
1140 	 -0.0311 	 -0.0344
1150 	 -0.0756 	 -0.0345
1160 	 0.1644 	 -0.0343
1170 	 -0.0133 	 -0.0342
1180 	 -0.0133 	 -0.0342
1190 	 -0.2533 	 -0.0344
1200 	 -0.1911 	 -0.0346
1210 	 -0.0933 	 -0.0346
1220 	 -0.3333 	 -0.0349
1230 	 -0.2800 	 -0.0352
1240 	 0.0933 	 -0.0351
1250 	 0.2444 	 -0.0348
1260 	 0.0844 	 -0.0347
1270 	 0.0044 	 -0.0346
1280 	 0.3956 	 -0.0342
1290 	 0.2267 	 -0.0340
1300 	 -0.0578 	 -0.0340
1310 	 0.0578 	 -0.0339
1320 	 0.0044 	 -0.0338
1330 	 0.0044 	 -0.0338
1340 	 0.0667 	 -0.0337
1350 	 0.0044 	 -0.0337
1360 	 -0.0400 	 -0.0337
1370 	 -0.2533 	 -0.0339
1380 	 -0.1822 	 -0.0340
1390 	 0.0311 	 -0.0340
1400 	 0.0756 	 -0.0339
1410 	 0.2711 	 -0.0336
1420 	 0.5733 	 -0.0330
1430 	 0.4400 	 -0.0325
1440 	 0.3333 	 -0.0322
1450 	 0.0222 	 -0.0321
1460 	 -0.0311 	 -0.0321
1470 	 -0.0311 	 -0.0321
1480 	 0.1289 	 -0.0320
1490 	 0.0133 	 -0.0319
1500 	 0.0844 	 -0.0318
1510 	 0.1556 	 -0.0316
1520 	 -0.1733 	 -0.0318
1530 	 -0.0578 	 -0.0318
1540 	 0.0044 	 -0.0318
1550 	 -0.2267 	 -0.0320
1560 	 0.0756 	 -0.0319
1570 	 -0.0933 	 -0.0319
1580 	 -0.2178 	 -0.0321
1590 	 0.0133 	 -0.0320
1600 	 -0.0756 	 -0.0321
1610 	 -0.3511 	 -0.0324
1620 	 -0.1911 	 -0.0325
1630 	 -0.4400 	 -0.0329
1640 	 -0.0578 	 -0.0329
1650 	 -0.0133 	 -0.0329
1660 	 -0.1467 	 -0.0330
1670 	 -0.1911 	 -0.0332
1680 	 0.0222 	 -0.0331
1690 	 -0.2267 	 -0.0333
1700 	 -0.0489 	 -0.0333
1710 	 -0.1289 	 -0.0334
1720 	 -0.1467 	 -0.0335
1730 	 -0.0933 	 -0.0336
1740 	 -0.1556 	 -0.0337
1750 	 -0.2089 	 -0.0339
1760 	 0.1644 	 -0.0337
1770 	 0.5200 	 -0.0332
1780 	 0.2000 	 -0.0329
1790 	 0.0844 	 -0.0328
1800 	 0.0044 	 -0.0328
1810 	 -0.3689 	 -0.0331
1820 	 -0.1378 	 -0.0332
1830 	 0.3156 	 -0.0329
1840 	 0.1111 	 -0.0327
1850 	 0.2356 	 -0.0325
1860 	 0.0400 	 -0.0324
1870 	 0.1556 	 -0.0323
1880 	 -0.1289 	 -0.0323
1890 	 0.2800 	 -0.0321
1900 	 0.0222 	 -0.0320
1910 	 0.2000 	 -0.0318
1920 	 0.3689 	 -0.0314
1930 	 -0.1022 	 -0.0315
1940 	 0.0400 	 -0.0314
1950 	 0.0933 	 -0.0313
1960 	 -0.2622 	 -0.0315
1970 	 -0.2622 	 -0.0317
1980 	 -0.2444 	 -0.0319
1990 	 -0.0489 	 -0.0319
2000 	 -0.0133 	 -0.0319
2010 	 -0.1289 	 -0.0320
2020 	 -0.3867 	 -0.0323
2030 	 0.1822 	 -0.0321
2040 	 0.3156 	 -0.0318
2050 	 0.3511 	 -0.0315
2060 	 0.3600 	 -0.0311
2070 	 0.2444 	 -0.0309
2080 	 0.3244 	 -0.0306
2090 	 0.3511 	 -0.0302
2100 	 0.4578 	 -0.0298
2110 	 -0.0400 	 -0.0298
2120 	 0.1467 	 -0.0296
2130 	 -0.1289 	 -0.0297
2140 	 -0.2000 	 -0.0299
2150 	 -0.1467 	 -0.0300
2160 	 -0.0933 	 -0.0300
2170 	 0.1733 	 -0.0298
2180 	 0.0667 	 -0.0298
2190 	 -0.1111 	 -0.0298
2200 	 -0.0489 	 -0.0298
2210 	 -0.3244 	 -0.0301
2220 	 -0.0489 	 -0.0301
2230 	 0.2089 	 -0.0299
2240 	 0.6089 	 -0.0293
2250 	 0.4756 	 -0.0289
2260 	 0.1556 	 -0.0287
2270 	 0.1911 	 -0.0285
2280 	 -0.2089 	 -0.0287
2290 	 0.0844 	 -0.0286
2300 	 -0.0133 	 -0.0286
2310 	 -0.1556 	 -0.0287
2320 	 -0.1911 	 -0.0288
2330 	 -0.0044 	 -0.0288
2340 	 -0.2711 	 -0.0290
2350 	 0.3333 	 -0.0287
2360 	 0.3600 	 -0.0284
2370 	 -0.1467 	 -0.0285
2380 	 -0.0133 	 -0.0285
2390 	 -0.0044 	 -0.0284
2400 	 -0.0756 	 -0.0285
2410 	 -0.0844 	 -0.0285
2420 	 0.1022 	 -0.0284
2430 	 -0.0400 	 -0.0284
2440 	 -0.0400 	 -0.0284
2450 	 -0.1556 	 -0.0285
2460 	 -0.1111 	 -0.0286
2470 	 0.1111 	 -0.0285
2480 	 0.1289 	 -0.0284
2490 	 0.3156 	 -0.0281
2500 	 -0.0933 	 -0.0281
2510 	 -0.3600 	 -0.0284
2520 	 -0.2800 	 -0.0286
2530 	 -0.4133 	 -0.0290
2540 	 -0.1911 	 -0.0291
2550 	 -0.0756 	 -0.0291
2560 	 0.0844 	 -0.0290
2570 	 -0.1556 	 -0.0291
2580 	 -0.0578 	 -0.0292
2590 	 -0.2000 	 -0.0293
2600 	 0.2000 	 -0.0291
2610 	 0.0933 	 -0.0290
2620 	 0.0400 	 -0.0290
2630 	 0.1200 	 -0.0288
2640 	 0.1644 	 -0.0287
2650 	 -0.0222 	 -0.0287
2660 	 0.1022 	 -0.0285
2670 	 0.1733 	 -0.0284
2680 	 -0.0044 	 -0.0283
2690 	 -0.1022 	 -0.0284
2700 	 -0.1200 	 -0.0285
2710 	 -0.2000 	 -0.0286
2720 	 -0.0667 	 -0.0287
2730 	 -0.2800 	 -0.0289
2740 	 -0.0667 	 -0.0289
2750 	 0.0756 	 -0.0288
2760 	 -0.1467 	 -0.0289
2770 	 -0.1644 	 -0.0290
2780 	 -0.0578 	 -0.0291
2790 	 0.0756 	 -0.0290
2800 	 0.0311 	 -0.0289
2810 	 0.2000 	 -0.0287
2820 	 -0.0667 	 -0.0288
2830 	 -0.4489 	 -0.0291
2840 	 -0.3956 	 -0.0294
2850 	 0.0044 	 -0.0294
2860 	 0.0578 	 -0.0293
2870 	 -0.1556 	 -0.0294
2880 	 0.1644 	 -0.0293
2890 	 -0.1822 	 -0.0294
2900 	 -0.0756 	 -0.0294
2910 	 0.1289 	 -0.0293
2920 	 0.2800 	 -0.0290
2930 	 0.1911 	 -0.0289
2940 	 0.1556 	 -0.0287
2950 	 -0.1022 	 -0.0288
2960 	 0.1289 	 -0.0286
2970 	 -0.2533 	 -0.0288
2980 	 0.0844 	 -0.0287
2990 	 0.2178 	 -0.0285
<M> = -0.0285 	 with sampling error = 0.00013044 	 and Var(M) = 0.00153132 
MC simulation
T = 3.00 h = -0.00 J = 1.00
Nx = 15 by Nx = 15
Nsweeps = 3000 and Nsamp = 10

Step 	 M 		 <M>
0 	 0.0000 	 0.0000
10 	 -0.0044 	 -0.0285
20 	 0.0489 	 -0.0284
30 	 -0.2089 	 -0.0286
40 	 -0.2356 	 -0.0288
50 	 0.0578 	 -0.0287
60 	 0.2622 	 -0.0284
70 	 0.0400 	 -0.0284
80 	 0.1289 	 -0.0283
90 	 -0.3156 	 -0.0285
100 	 -0.2089 	 -0.0286
110 	 0.3511 	 -0.0283
120 	 -0.0667 	 -0.0284
130 	 -0.0489 	 -0.0284
140 	 0.0311 	 -0.0283
150 	 -0.0844 	 -0.0284
160 	 0.3333 	 -0.0281
170 	 0.1733 	 -0.0279
180 	 -0.0044 	 -0.0279
190 	 -0.0933 	 -0.0280
200 	 -0.3156 	 -0.0282
210 	 -0.4133 	 -0.0285
220 	 -0.3689 	 -0.0288
230 	 -0.0933 	 -0.0288
240 	 -0.5467 	 -0.0293
250 	 -0.1822 	 -0.0294
260 	 0.1556 	 -0.0292
270 	 0.1111 	 -0.0291
280 	 -0.2356 	 -0.0293
290 	 -0.1111 	 -0.0294
300 	 0.0133 	 -0.0293
310 	 -0.0489 	 -0.0293
320 	 -0.0222 	 -0.0293
330 	 0.4133 	 -0.0290
340 	 0.5111 	 -0.0285
350 	 0.3956 	 -0.0282
360 	 0.2089 	 -0.0280
370 	 0.3600 	 -0.0277
380 	 -0.3600 	 -0.0279
390 	 -0.1556 	 -0.0281
400 	 -0.0933 	 -0.0281
410 	 -0.0133 	 -0.0281
420 	 -0.1911 	 -0.0282
430 	 -0.2711 	 -0.0284
440 	 0.1556 	 -0.0283
450 	 0.0489 	 -0.0282
460 	 -0.1467 	 -0.0283
470 	 -0.1911 	 -0.0284
480 	 -0.2622 	 -0.0286
490 	 -0.3422 	 -0.0289
500 	 -0.2889 	 -0.0291
510 	 -0.1733 	 -0.0292
520 	 0.2444 	 -0.0290
530 	 -0.0311 	 -0.0290
540 	 0.3156 	 -0.0287
550 	 0.1822 	 -0.0285
560 	 0.2711 	 -0.0283
570 	 0.1733 	 -0.0281
580 	 0.2178 	 -0.0279
590 	 -0.2000 	 -0.0281
600 	 -0.1200 	 -0.0282
610 	 -0.0222 	 -0.0281
620 	 0.2444 	 -0.0279
630 	 0.2622 	 -0.0277
640 	 -0.0667 	 -0.0277
650 	 -0.2178 	 -0.0279
660 	 -0.0667 	 -0.0279
670 	 0.2533 	 -0.0277
680 	 0.2356 	 -0.0275
690 	 0.2889 	 -0.0272
700 	 0.3333 	 -0.0269
710 	 0.0489 	 -0.0269
720 	 -0.0133 	 -0.0269
730 	 0.2000 	 -0.0267
740 	 0.1467 	 -0.0266
750 	 0.0400 	 -0.0265
760 	 0.4222 	 -0.0262
770 	 0.3333 	 -0.0259
780 	 0.2622 	 -0.0256
790 	 0.0667 	 -0.0256
800 	 -0.3600 	 -0.0258
810 	 -0.3511 	 -0.0261
820 	 0.0489 	 -0.0260
830 	 0.1733 	 -0.0259
840 	 0.2178 	 -0.0257
850 	 0.3778 	 -0.0254
860 	 -0.0133 	 -0.0254
870 	 0.0311 	 -0.0253
880 	 0.2178 	 -0.0251
890 	 0.2978 	 -0.0249
900 	 0.1289 	 -0.0248
910 	 0.0133 	 -0.0247
920 	 0.2178 	 -0.0245
930 	 -0.3156 	 -0.0248
940 	 -0.6533 	 -0.0253
950 	 -0.2711 	 -0.0254
960 	 -0.2622 	 -0.0256
970 	 -0.1911 	 -0.0258
980 	 0.1022 	 -0.0257
990 	 -0.0756 	 -0.0257
1000 	 -0.3778 	 -0.0260
1010 	 -0.1822 	 -0.0261
1020 	 0.0222 	 -0.0261
1030 	 -0.0578 	 -0.0261
1040 	 -0.2800 	 -0.0263
1050 	 -0.0933 	 -0.0263
1060 	 0.0400 	 -0.0263
1070 	 0.2444 	 -0.0261
1080 	 0.1911 	 -0.0259
1090 	 0.0311 	 -0.0259
1100 	 -0.2800 	 -0.0260
1110 	 -0.5111 	 -0.0264
1120 	 0.1556 	 -0.0263
1130 	 0.2711 	 -0.0261
1140 	 0.0222 	 -0.0260
1150 	 0.0844 	 -0.0259
1160 	 0.0400 	 -0.0259
1170 	 0.0756 	 -0.0258
1180 	 0.2089 	 -0.0256
1190 	 0.0311 	 -0.0256
1200 	 -0.2711 	 -0.0258
1210 	 0.0667 	 -0.0257
1220 	 -0.1556 	 -0.0258
1230 	 -0.1022 	 -0.0259
1240 	 -0.0756 	 -0.0259
1250 	 0.0667 	 -0.0258
1260 	 -0.4044 	 -0.0261
1270 	 -0.2622 	 -0.0263
1280 	 -0.0400 	 -0.0263
1290 	 -0.1289 	 -0.0264
1300 	 0.0844 	 -0.0263
1310 	 0.0044 	 -0.0263
1320 	 -0.1378 	 -0.0264
1330 	 -0.3244 	 -0.0266
1340 	 -0.0222 	 -0.0266
1350 	 -0.2356 	 -0.0267
1360 	 0.0311 	 -0.0267
1370 	 0.0044 	 -0.0267
1380 	 -0.3067 	 -0.0269
1390 	 -0.1822 	 -0.0270
1400 	 0.1822 	 -0.0268
1410 	 -0.0133 	 -0.0268
1420 	 -0.2533 	 -0.0270
1430 	 -0.2533 	 -0.0272
1440 	 0.0400 	 -0.0271
1450 	 0.1289 	 -0.0270
1460 	 -0.2978 	 -0.0272
1470 	 0.2444 	 -0.0270
1480 	 0.2978 	 -0.0268
1490 	 0.0667 	 -0.0267
1500 	 -0.3156 	 -0.0269
1510 	 -0.0933 	 -0.0269
1520 	 -0.5733 	 -0.0274
1530 	 0.0222 	 -0.0273
1540 	 -0.3067 	 -0.0275
1550 	 -0.0667 	 -0.0276
1560 	 -0.4133 	 -0.0278
1570 	 -0.0489 	 -0.0279
1580 	 -0.1022 	 -0.0279
1590 	 -0.2889 	 -0.0281
1600 	 -0.1822 	 -0.0282
1610 	 -0.4044 	 -0.0285
1620 	 -0.3333 	 -0.0287
1630 	 -0.2711 	 -0.0289
1640 	 -0.0933 	 -0.0289
1650 	 0.1556 	 -0.0288
1660 	 -0.0844 	 -0.0288
1670 	 -0.1200 	 -0.0289
1680 	 -0.0489 	 -0.0289
1690 	 -0.1467 	 -0.0290
1700 	 -0.0400 	 -0.0290
1710 	 -0.1289 	 -0.0291
1720 	 -0.2089 	 -0.0292
1730 	 0.0489 	 -0.0292
1740 	 -0.0222 	 -0.0292
1750 	 -0.2711 	 -0.0293
1760 	 0.2000 	 -0.0292
1770 	 0.2889 	 -0.0289
1780 	 0.0844 	 -0.0289
1790 	 -0.1644 	 -0.0290
1800 	 0.2089 	 -0.0288
1810 	 0.2267 	 -0.0286
1820 	 0.2178 	 -0.0284
1830 	 0.0933 	 -0.0283
1840 	 0.1644 	 -0.0282
1850 	 0.3244 	 -0.0279
1860 	 0.2356 	 -0.0277
1870 	 -0.1200 	 -0.0278
1880 	 0.4133 	 -0.0275
1890 	 0.1467 	 -0.0274
1900 	 -0.3689 	 -0.0276
1910 	 -0.0844 	 -0.0277
1920 	 -0.0400 	 -0.0277
1930 	 -0.0222 	 -0.0277
1940 	 0.2000 	 -0.0275
1950 	 0.0044 	 -0.0275
1960 	 0.1556 	 -0.0273
1970 	 -0.2889 	 -0.0275
1980 	 0.2622 	 -0.0273
1990 	 -0.4756 	 -0.0276
2000 	 -0.5022 	 -0.0280
2010 	 -0.3867 	 -0.0282
2020 	 -0.2267 	 -0.0284
2030 	 -0.2978 	 -0.0286
2040 	 -0.1911 	 -0.0287
2050 	 0.1822 	 -0.0285
2060 	 0.1911 	 -0.0284
2070 	 -0.0311 	 -0.0284
2080 	 0.2622 	 -0.0282
2090 	 -0.0844 	 -0.0282
2100 	 0.2889 	 -0.0280
2110 	 0.2622 	 -0.0278
2120 	 0.2889 	 -0.0276
2130 	 0.3600 	 -0.0273
2140 	 -0.0844 	 -0.0273
2150 	 0.2978 	 -0.0271
2160 	 -0.1467 	 -0.0272
2170 	 0.0756 	 -0.0271
2180 	 0.0133 	 -0.0271
2190 	 0.3067 	 -0.0268
2200 	 -0.2089 	 -0.0270
2210 	 -0.1111 	 -0.0270
2220 	 -0.4222 	 -0.0273
2230 	 -0.1467 	 -0.0274
2240 	 -0.0400 	 -0.0274
2250 	 0.0311 	 -0.0274
2260 	 -0.1733 	 -0.0275
2270 	 -0.4044 	 -0.0277
2280 	 -0.0667 	 -0.0278
2290 	 -0.2356 	 -0.0279
2300 	 0.0489 	 -0.0279
2310 	 -0.2000 	 -0.0280
2320 	 -0.1733 	 -0.0281
2330 	 -0.0844 	 -0.0281
2340 	 0.0489 	 -0.0281
2350 	 -0.1467 	 -0.0281
2360 	 0.3600 	 -0.0279
2370 	 0.1556 	 -0.0277
2380 	 -0.0489 	 -0.0278
2390 	 -0.1200 	 -0.0278
2400 	 -0.3067 	 -0.0280
2410 	 0.0133 	 -0.0280
2420 	 -0.1289 	 -0.0281
2430 	 -0.2622 	 -0.0282
2440 	 -0.3511 	 -0.0284
2450 	 -0.2711 	 -0.0286
2460 	 0.0400 	 -0.0286
2470 	 -0.5200 	 -0.0289
2480 	 -0.4933 	 -0.0292
2490 	 -0.2444 	 -0.0294
2500 	 0.0756 	 -0.0293
2510 	 -0.0222 	 -0.0293
2520 	 -0.1022 	 -0.0293
2530 	 -0.0044 	 -0.0293
2540 	 0.1822 	 -0.0292
2550 	 0.0933 	 -0.0291
2560 	 -0.0044 	 -0.0291
2570 	 -0.0489 	 -0.0291
2580 	 0.0578 	 -0.0290
2590 	 -0.1467 	 -0.0291
2600 	 -0.1911 	 -0.0292
2610 	 -0.0667 	 -0.0293
2620 	 -0.1022 	 -0.0293
2630 	 -0.1822 	 -0.0294
2640 	 -0.0489 	 -0.0294
2650 	 -0.2089 	 -0.0295
2660 	 -0.0933 	 -0.0296
2670 	 0.0044 	 -0.0296
2680 	 -0.1289 	 -0.0296
2690 	 0.0222 	 -0.0296
2700 	 -0.1822 	 -0.0297
2710 	 0.2267 	 -0.0295
2720 	 -0.1822 	 -0.0296
2730 	 0.0133 	 -0.0296
2740 	 -0.0400 	 -0.0296
2750 	 -0.0489 	 -0.0296
2760 	 -0.0756 	 -0.0297
2770 	 -0.1289 	 -0.0297
2780 	 -0.1467 	 -0.0298
2790 	 0.0756 	 -0.0297
2800 	 0.3600 	 -0.0295
2810 	 0.0933 	 -0.0294
2820 	 -0.0222 	 -0.0294
2830 	 -0.3422 	 -0.0296
2840 	 0.0311 	 -0.0295
2850 	 -0.0133 	 -0.0295
2860 	 -0.2711 	 -0.0297
2870 	 0.1911 	 -0.0296
2880 	 -0.0578 	 -0.0296
2890 	 0.2000 	 -0.0294
2900 	 0.2622 	 -0.0292
2910 	 -0.0844 	 -0.0293
2920 	 0.4489 	 -0.0289
2930 	 0.1467 	 -0.0288
2940 	 -0.0667 	 -0.0288
2950 	 -0.1022 	 -0.0289
2960 	 -0.1111 	 -0.0289
2970 	 0.0578 	 -0.0289
2980 	 -0.0044 	 -0.0289
2990 	 0.0756 	 -0.0288
<M> = -0.0288 	 with sampling error = 0.00011631 	 and Var(M) = 0.00121751 
MC simulation
T = 3.00 h = 0.00 J = 1.00
Nx = 15 by Nx = 15
Nsweeps = 3000 and Nsamp = 10

Step 	 M 		 <M>
0 	 0.0000 	 0.0000
10 	 0.2800 	 -0.0286
20 	 0.2178 	 -0.0284
30 	 0.5822 	 -0.0280
40 	 -0.0400 	 -0.0280
50 	 0.0844 	 -0.0280
60 	 -0.0400 	 -0.0280
70 	 0.3333 	 -0.0277
80 	 0.3600 	 -0.0275
90 	 -0.0311 	 -0.0275
100 	 -0.1556 	 -0.0276
110 	 0.0667 	 -0.0275
120 	 0.4133 	 -0.0272
130 	 0.2356 	 -0.0270
140 	 0.0311 	 -0.0270
150 	 0.0933 	 -0.0269
160 	 -0.1467 	 -0.0270
170 	 -0.0578 	 -0.0270
180 	 -0.1022 	 -0.0271
190 	 0.2000 	 -0.0269
200 	 -0.0489 	 -0.0269
210 	 -0.1733 	 -0.0270
220 	 0.2978 	 -0.0268
230 	 0.5022 	 -0.0265
240 	 0.1289 	 -0.0264
250 	 -0.0578 	 -0.0264
260 	 -0.0756 	 -0.0264
270 	 -0.1111 	 -0.0265
280 	 -0.1111 	 -0.0265
290 	 0.1644 	 -0.0264
300 	 0.1911 	 -0.0262
310 	 0.1200 	 -0.0262
320 	 -0.0222 	 -0.0262
330 	 -0.4933 	 -0.0265
340 	 -0.1644 	 -0.0265
350 	 -0.0133 	 -0.0265
360 	 0.1289 	 -0.0264
370 	 0.1022 	 -0.0264
380 	 0.3689 	 -0.0261
390 	 0.1022 	 -0.0260
400 	 0.1467 	 -0.0259
410 	 0.0667 	 -0.0258
420 	 0.1467 	 -0.0257
430 	 -0.0578 	 -0.0257
440 	 0.2089 	 -0.0256
450 	 0.1911 	 -0.0255
460 	 0.0933 	 -0.0254
470 	 0.2000 	 -0.0252
480 	 0.3422 	 -0.0250
490 	 0.0844 	 -0.0249
500 	 0.1733 	 -0.0248
510 	 0.4311 	 -0.0245
520 	 -0.0844 	 -0.0245
530 	 -0.0489 	 -0.0246
540 	 0.1289 	 -0.0245
550 	 -0.0044 	 -0.0244
560 	 -0.0667 	 -0.0245
570 	 0.0133 	 -0.0244
580 	 0.0400 	 -0.0244
590 	 0.2000 	 -0.0243
600 	 0.1111 	 -0.0242
610 	 -0.0844 	 -0.0242
620 	 -0.2356 	 -0.0243
630 	 -0.2356 	 -0.0245
640 	 -0.2000 	 -0.0246
650 	 -0.1200 	 -0.0247
660 	 0.3956 	 -0.0244
670 	 0.0844 	 -0.0243
680 	 -0.3333 	 -0.0245
690 	 0.0667 	 -0.0245
700 	 -0.0133 	 -0.0244
710 	 -0.0489 	 -0.0245
720 	 0.1467 	 -0.0244
730 	 0.1644 	 -0.0242
740 	 0.0044 	 -0.0242
750 	 -0.0311 	 -0.0242
760 	 0.1822 	 -0.0241
770 	 0.1378 	 -0.0240
780 	 -0.0044 	 -0.0240
790 	 0.1733 	 -0.0238
800 	 -0.0844 	 -0.0239
810 	 -0.0756 	 -0.0239
820 	 -0.2000 	 -0.0240
830 	 -0.0756 	 -0.0241
840 	 0.1378 	 -0.0240
850 	 0.1911 	 -0.0238
860 	 -0.1111 	 -0.0239
870 	 -0.1822 	 -0.0240
880 	 -0.2711 	 -0.0241
890 	 -0.3422 	 -0.0243
900 	 -0.4044 	 -0.0246
910 	 -0.0756 	 -0.0246
920 	 -0.2178 	 -0.0247
930 	 -0.4667 	 -0.0250
940 	 -0.3600 	 -0.0252
950 	 -0.0578 	 -0.0252
960 	 -0.0044 	 -0.0252
970 	 -0.0844 	 -0.0253
980 	 -0.0311 	 -0.0253
990 	 -0.0933 	 -0.0253
1000 	 0.0756 	 -0.0252
1010 	 0.1111 	 -0.0252
1020 	 0.1644 	 -0.0250
1030 	 -0.1111 	 -0.0251
1040 	 0.4489 	 -0.0248
1050 	 0.0044 	 -0.0248
1060 	 0.1111 	 -0.0247
1070 	 -0.0489 	 -0.0247
1080 	 0.1378 	 -0.0246
1090 	 0.0400 	 -0.0246
1100 	 0.3778 	 -0.0243
1110 	 0.2267 	 -0.0242
1120 	 0.0044 	 -0.0241
1130 	 -0.0756 	 -0.0242
1140 	 -0.0133 	 -0.0242
1150 	 -0.0133 	 -0.0242
1160 	 0.3689 	 -0.0239
1170 	 0.2533 	 -0.0237
1180 	 -0.2533 	 -0.0239
1190 	 -0.0133 	 -0.0239
1200 	 -0.4222 	 -0.0241
1210 	 -0.3067 	 -0.0243
1220 	 -0.1467 	 -0.0244
1230 	 0.0044 	 -0.0244
1240 	 0.0844 	 -0.0243
1250 	 0.0311 	 -0.0243
1260 	 -0.3333 	 -0.0245
1270 	 -0.1556 	 -0.0245
1280 	 -0.2444 	 -0.0247
1290 	 0.0489 	 -0.0246
1300 	 0.1289 	 -0.0245
1310 	 0.0933 	 -0.0245
1320 	 -0.3511 	 -0.0247
1330 	 -0.0222 	 -0.0247
1340 	 -0.0133 	 -0.0247
1350 	 0.0933 	 -0.0246
1360 	 0.0756 	 -0.0245
1370 	 -0.0489 	 -0.0245
1380 	 -0.0578 	 -0.0246
1390 	 -0.2889 	 -0.0247
1400 	 0.1378 	 -0.0246
1410 	 -0.0933 	 -0.0247
1420 	 -0.0756 	 -0.0247
1430 	 0.0400 	 -0.0246
1440 	 0.3156 	 -0.0244
1450 	 0.2622 	 -0.0243
1460 	 -0.1467 	 -0.0243
1470 	 0.1111 	 -0.0243
1480 	 -0.1111 	 -0.0243
1490 	 -0.3333 	 -0.0245
1500 	 -0.1822 	 -0.0246
1510 	 0.0933 	 -0.0245
1520 	 0.2622 	 -0.0243
1530 	 -0.0044 	 -0.0243
1540 	 0.2089 	 -0.0242
1550 	 0.3689 	 -0.0240
1560 	 0.0578 	 -0.0239
1570 	 0.0756 	 -0.0238
1580 	 0.1378 	 -0.0237
1590 	 0.2356 	 -0.0236
1600 	 0.2533 	 -0.0234
1610 	 0.0844 	 -0.0234
1620 	 0.7244 	 -0.0229
1630 	 0.2178 	 -0.0228
1640 	 0.1289 	 -0.0227
1650 	 0.1200 	 -0.0226
1660 	 -0.0222 	 -0.0226
1670 	 0.0222 	 -0.0226
1680 	 0.3956 	 -0.0223
1690 	 0.0667 	 -0.0223
1700 	 -0.1911 	 -0.0224
1710 	 -0.4667 	 -0.0226
1720 	 -0.6267 	 -0.0230
1730 	 -0.0578 	 -0.0230
1740 	 -0.1022 	 -0.0231
1750 	 0.1378 	 -0.0230
1760 	 0.1644 	 -0.0228
1770 	 0.0578 	 -0.0228
1780 	 0.0667 	 -0.0227
1790 	 0.2889 	 -0.0226
1800 	 0.5022 	 -0.0222
1810 	 0.1289 	 -0.0222
1820 	 0.1200 	 -0.0221
1830 	 -0.1644 	 -0.0222
1840 	 0.0578 	 -0.0221
1850 	 -0.0133 	 -0.0221
1860 	 -0.2178 	 -0.0222
1870 	 -0.3156 	 -0.0224
1880 	 -0.3956 	 -0.0226
1890 	 -0.1733 	 -0.0227
1900 	 -0.2267 	 -0.0228
1910 	 -0.2178 	 -0.0229
1920 	 -0.2089 	 -0.0230
1930 	 -0.2711 	 -0.0232
1940 	 -0.5378 	 -0.0235
1950 	 -0.5733 	 -0.0238
1960 	 -0.0756 	 -0.0239
1970 	 0.0933 	 -0.0238
1980 	 -0.3600 	 -0.0240
1990 	 -0.0844 	 -0.0240
2000 	 -0.1200 	 -0.0241
2010 	 0.0400 	 -0.0240
2020 	 0.0667 	 -0.0240
2030 	 0.3511 	 -0.0238
2040 	 0.2000 	 -0.0236
2050 	 0.0578 	 -0.0236
2060 	 0.2444 	 -0.0234
2070 	 0.0844 	 -0.0234
2080 	 0.2622 	 -0.0232
2090 	 0.0400 	 -0.0232
2100 	 -0.1733 	 -0.0232
2110 	 0.1644 	 -0.0231
2120 	 0.0756 	 -0.0231
2130 	 0.1378 	 -0.0230
2140 	 -0.1022 	 -0.0230
2150 	 0.1022 	 -0.0230
2160 	 -0.0489 	 -0.0230
2170 	 -0.1467 	 -0.0230
2180 	 0.1289 	 -0.0230
2190 	 0.1289 	 -0.0229
2200 	 -0.0311 	 -0.0229
2210 	 -0.0133 	 -0.0229
2220 	 -0.0667 	 -0.0229
2230 	 0.0044 	 -0.0229
2240 	 -0.0667 	 -0.0229
2250 	 0.0578 	 -0.0229
2260 	 -0.0044 	 -0.0228
2270 	 0.0667 	 -0.0228
2280 	 -0.0667 	 -0.0228
2290 	 0.0489 	 -0.0228
2300 	 -0.1733 	 -0.0229
2310 	 0.1822 	 -0.0227
2320 	 0.1644 	 -0.0226
2330 	 0.1022 	 -0.0226
2340 	 -0.0222 	 -0.0226
2350 	 -0.0133 	 -0.0226
2360 	 -0.0311 	 -0.0226
2370 	 0.2178 	 -0.0224
2380 	 0.1378 	 -0.0223
2390 	 0.1200 	 -0.0223
2400 	 0.1111 	 -0.0222
2410 	 0.2000 	 -0.0220
2420 	 -0.1378 	 -0.0221
2430 	 0.2267 	 -0.0220
2440 	 0.3867 	 -0.0217
2450 	 0.1378 	 -0.0216
2460 	 -0.0044 	 -0.0216
2470 	 -0.2000 	 -0.0217
2480 	 -0.0667 	 -0.0218
2490 	 -0.0578 	 -0.0218
2500 	 0.2267 	 -0.0216
2510 	 0.0933 	 -0.0216
2520 	 0.1022 	 -0.0215
2530 	 -0.0133 	 -0.0215
2540 	 0.1022 	 -0.0214
2550 	 0.2444 	 -0.0213
2560 	 0.1911 	 -0.0212
2570 	 0.2622 	 -0.0210
2580 	 0.2444 	 -0.0208
2590 	 -0.1822 	 -0.0209
2600 	 -0.3067 	 -0.0211
2610 	 0.0489 	 -0.0211
2620 	 -0.2267 	 -0.0212
2630 	 -0.3867 	 -0.0214
2640 	 -0.1911 	 -0.0215
2650 	 0.1733 	 -0.0214
2660 	 -0.1111 	 -0.0214
2670 	 -0.3333 	 -0.0216
2680 	 0.2000 	 -0.0215
2690 	 0.3956 	 -0.0212
2700 	 0.1822 	 -0.0211
2710 	 0.1733 	 -0.0210
2720 	 0.3067 	 -0.0208
2730 	 0.0133 	 -0.0208
2740 	 -0.0844 	 -0.0208
2750 	 -0.2178 	 -0.0210
2760 	 -0.1644 	 -0.0210
2770 	 -0.4222 	 -0.0213
2780 	 -0.2267 	 -0.0214
2790 	 0.0578 	 -0.0213
2800 	 -0.3689 	 -0.0215
2810 	 -0.4044 	 -0.0217
2820 	 -0.2622 	 -0.0219
2830 	 0.0400 	 -0.0218
2840 	 0.1022 	 -0.0218
2850 	 0.0933 	 -0.0217
2860 	 0.0844 	 -0.0216
2870 	 -0.0667 	 -0.0217
2880 	 -0.1378 	 -0.0217
2890 	 0.0044 	 -0.0217
2900 	 -0.5289 	 -0.0220
2910 	 -0.3956 	 -0.0222
2920 	 -0.1911 	 -0.0223
2930 	 -0.0044 	 -0.0223
2940 	 -0.0489 	 -0.0223
2950 	 -0.0844 	 -0.0224
2960 	 -0.1289 	 -0.0224
2970 	 -0.0311 	 -0.0224
2980 	 -0.2089 	 -0.0225
2990 	 -0.4044 	 -0.0227
<M> = -0.0227 	 with sampling error = 0.00011493 	 and Var(M) = 0.00118877 
MC simulation
T = 3.00 h = 0.00 J = 1.00
Nx = 15 by Nx = 15
Nsweeps = 3000 and Nsamp = 10

Step 	 M 		 <M>
0 	 -1.0000 	 -1.0000
10 	 -0.1111 	 -0.0228
20 	 -0.0222 	 -0.0228
30 	 -0.3600 	 -0.0230
40 	 -0.2711 	 -0.0231
50 	 -0.2978 	 -0.0233
60 	 -0.3778 	 -0.0235
70 	 -0.1556 	 -0.0235
80 	 0.2444 	 -0.0234
90 	 0.3333 	 -0.0232
100 	 0.0044 	 -0.0232
110 	 0.0667 	 -0.0231
120 	 -0.0933 	 -0.0232
130 	 0.1378 	 -0.0231
140 	 -0.1289 	 -0.0231
150 	 0.0667 	 -0.0231
160 	 -0.1111 	 -0.0231
170 	 0.5378 	 -0.0228
180 	 0.5467 	 -0.0225
190 	 0.0756 	 -0.0224
200 	 0.3333 	 -0.0223
210 	 0.1556 	 -0.0222
220 	 0.1822 	 -0.0220
230 	 0.1200 	 -0.0220
240 	 0.0489 	 -0.0219
250 	 -0.0044 	 -0.0219
260 	 -0.2711 	 -0.0221
270 	 0.2800 	 -0.0219
280 	 0.1022 	 -0.0218
290 	 0.1733 	 -0.0217
300 	 0.0667 	 -0.0217
310 	 -0.3156 	 -0.0218
320 	 0.0844 	 -0.0218
330 	 -0.1022 	 -0.0218
340 	 -0.3422 	 -0.0220
350 	 -0.5556 	 -0.0223
360 	 -0.4933 	 -0.0225
370 	 -0.6000 	 -0.0228
380 	 -0.0667 	 -0.0229
390 	 -0.0667 	 -0.0229
400 	 0.2533 	 -0.0227
410 	 0.1022 	 -0.0227
420 	 -0.4311 	 -0.0229
430 	 -0.3422 	 -0.0231
440 	 0.1378 	 -0.0230
450 	 -0.1289 	 -0.0230
460 	 -0.3778 	 -0.0232
470 	 0.2356 	 -0.0231
480 	 0.0667 	 -0.0230
490 	 -0.0756 	 -0.0231
500 	 0.2978 	 -0.0229
510 	 0.0044 	 -0.0229
520 	 0.1822 	 -0.0228
530 	 0.1644 	 -0.0227
540 	 0.0844 	 -0.0226
550 	 0.0667 	 -0.0226
560 	 -0.0400 	 -0.0226
570 	 0.1822 	 -0.0225
580 	 -0.1733 	 -0.0225
590 	 -0.0489 	 -0.0226
600 	 0.2444 	 -0.0224
610 	 0.1200 	 -0.0223
620 	 0.2089 	 -0.0222
630 	 0.3422 	 -0.0220
640 	 0.2089 	 -0.0219
650 	 0.0489 	 -0.0219
660 	 0.1378 	 -0.0218
670 	 -0.0311 	 -0.0218
680 	 0.0133 	 -0.0218
690 	 0.3600 	 -0.0216
700 	 0.0222 	 -0.0215
710 	 -0.0400 	 -0.0215
720 	 -0.4311 	 -0.0218
730 	 -0.0756 	 -0.0218
740 	 -0.0489 	 -0.0218
750 	 0.2356 	 -0.0217
760 	 0.0844 	 -0.0216
770 	 -0.2622 	 -0.0217
780 	 -0.1200 	 -0.0218
790 	 -0.2356 	 -0.0219
800 	 -0.1822 	 -0.0220
810 	 0.0222 	 -0.0220
820 	 -0.2089 	 -0.0221
830 	 -0.2178 	 -0.0222
840 	 0.0578 	 -0.0221
850 	 -0.1200 	 -0.0222
860 	 -0.1556 	 -0.0223
870 	 -0.0756 	 -0.0223
880 	 -0.1556 	 -0.0223
890 	 0.4311 	 -0.0221
900 	 0.3956 	 -0.0219
910 	 0.2444 	 -0.0217
920 	 0.0133 	 -0.0217
930 	 -0.1911 	 -0.0218
940 	 -0.1111 	 -0.0219
950 	 0.2533 	 -0.0217
960 	 0.0844 	 -0.0217
970 	 0.0756 	 -0.0216
980 	 0.3689 	 -0.0214
990 	 0.2978 	 -0.0212
1000 	 0.0133 	 -0.0212
1010 	 -0.2444 	 -0.0213
1020 	 -0.3333 	 -0.0215
1030 	 -0.2533 	 -0.0216
1040 	 -0.1556 	 -0.0217
1050 	 -0.0844 	 -0.0217
1060 	 -0.2711 	 -0.0219
1070 	 -0.2800 	 -0.0220
1080 	 -0.2356 	 -0.0221
1090 	 -0.3422 	 -0.0223
1100 	 -0.5556 	 -0.0226
1110 	 0.2711 	 -0.0224
1120 	 0.1644 	 -0.0223
1130 	 -0.0133 	 -0.0223
1140 	 0.0667 	 -0.0223
1150 	 -0.0933 	 -0.0223
1160 	 -0.1378 	 -0.0223
1170 	 -0.2356 	 -0.0225
1180 	 -0.2267 	 -0.0226
1190 	 -0.2267 	 -0.0227
1200 	 -0.0756 	 -0.0227
1210 	 0.1911 	 -0.0226
1220 	 0.1111 	 -0.0225
1230 	 0.4222 	 -0.0223
1240 	 0.4311 	 -0.0221
1250 	 0.0133 	 -0.0220
1260 	 -0.0222 	 -0.0220
1270 	 -0.0578 	 -0.0221
1280 	 0.2800 	 -0.0219
1290 	 0.2533 	 -0.0218
1300 	 0.2711 	 -0.0216
1310 	 0.2000 	 -0.0215
1320 	 0.1822 	 -0.0214
1330 	 0.2356 	 -0.0212
1340 	 -0.0400 	 -0.0213
1350 	 0.2444 	 -0.0211
1360 	 -0.1644 	 -0.0212
1370 	 -0.0133 	 -0.0212
1380 	 -0.2267 	 -0.0213
1390 	 0.2267 	 -0.0212
1400 	 0.1378 	 -0.0211
1410 	 0.0756 	 -0.0210
1420 	 0.1378 	 -0.0210
1430 	 0.2356 	 -0.0208
1440 	 0.0756 	 -0.0208
1450 	 -0.0311 	 -0.0208
1460 	 0.1733 	 -0.0207
1470 	 0.2622 	 -0.0205
1480 	 0.1111 	 -0.0205
1490 	 -0.1111 	 -0.0205
1500 	 -0.3778 	 -0.0207
1510 	 -0.4667 	 -0.0209
1520 	 -0.3600 	 -0.0211
1530 	 -0.4933 	 -0.0213
1540 	 -0.1200 	 -0.0214
1550 	 -0.1200 	 -0.0214
1560 	 -0.1467 	 -0.0215
1570 	 -0.1022 	 -0.0215
1580 	 -0.3422 	 -0.0217
1590 	 -0.3422 	 -0.0219
1600 	 -0.4844 	 -0.0221
1610 	 -0.1556 	 -0.0222
1620 	 0.1911 	 -0.0221
1630 	 -0.0844 	 -0.0221
1640 	 -0.0667 	 -0.0221
1650 	 0.4756 	 -0.0219
1660 	 0.2356 	 -0.0217
1670 	 0.3156 	 -0.0216
1680 	 -0.0844 	 -0.0216
1690 	 0.2356 	 -0.0215
1700 	 0.1111 	 -0.0214
1710 	 -0.4667 	 -0.0216
1720 	 -0.4578 	 -0.0218
1730 	 -0.0844 	 -0.0219
1740 	 0.1378 	 -0.0218
1750 	 0.2178 	 -0.0217
1760 	 0.1378 	 -0.0216
1770 	 0.1911 	 -0.0215
1780 	 0.2444 	 -0.0214
1790 	 0.0667 	 -0.0213
1800 	 0.0933 	 -0.0212
1810 	 0.5022 	 -0.0210
1820 	 -0.1556 	 -0.0211
1830 	 -0.1911 	 -0.0211
1840 	 -0.2800 	 -0.0213
1850 	 -0.1644 	 -0.0213
1860 	 -0.0044 	 -0.0213
1870 	 -0.0133 	 -0.0213
1880 	 0.0489 	 -0.0213
1890 	 -0.0400 	 -0.0213
1900 	 0.4044 	 -0.0211
1910 	 -0.0844 	 -0.0211
1920 	 0.2267 	 -0.0210
1930 	 0.2711 	 -0.0208
1940 	 0.3422 	 -0.0207
1950 	 0.0578 	 -0.0206
1960 	 0.1911 	 -0.0205
1970 	 0.1378 	 -0.0204
1980 	 0.5200 	 -0.0202
1990 	 0.1911 	 -0.0201
2000 	 0.1467 	 -0.0200
2010 	 -0.2178 	 -0.0201
2020 	 -0.1911 	 -0.0202
2030 	 0.0667 	 -0.0201
2040 	 0.1111 	 -0.0201
2050 	 0.2356 	 -0.0199
2060 	 0.4933 	 -0.0197
2070 	 0.2889 	 -0.0195
2080 	 0.3067 	 -0.0194
2090 	 0.1733 	 -0.0193
2100 	 -0.0844 	 -0.0193
2110 	 -0.0756 	 -0.0193
2120 	 -0.0311 	 -0.0193
2130 	 -0.0578 	 -0.0193
2140 	 -0.0400 	 -0.0194
2150 	 0.0044 	 -0.0193
2160 	 0.1200 	 -0.0193
2170 	 0.3867 	 -0.0191
2180 	 0.3244 	 -0.0189
2190 	 0.0844 	 -0.0188
2200 	 0.3600 	 -0.0187
2210 	 0.5911 	 -0.0184
2220 	 0.5467 	 -0.0181
2230 	 0.4578 	 -0.0178
2240 	 0.0400 	 -0.0178
2250 	 0.2533 	 -0.0177
2260 	 0.3156 	 -0.0175
2270 	 -0.0311 	 -0.0175
2280 	 0.3156 	 -0.0174
2290 	 0.4844 	 -0.0171
2300 	 0.1200 	 -0.0170
2310 	 0.6178 	 -0.0167
2320 	 0.3244 	 -0.0166
2330 	 0.2267 	 -0.0164
2340 	 0.2000 	 -0.0163
2350 	 0.0489 	 -0.0163
2360 	 0.3156 	 -0.0161
2370 	 0.3867 	 -0.0159
2380 	 0.5556 	 -0.0157
2390 	 -0.2178 	 -0.0158
2400 	 -0.1467 	 -0.0158
2410 	 0.3333 	 -0.0156
2420 	 0.1556 	 -0.0156
2430 	 0.2711 	 -0.0154
2440 	 -0.0844 	 -0.0155
2450 	 -0.3778 	 -0.0156
2460 	 -0.2978 	 -0.0158
2470 	 -0.0844 	 -0.0158
2480 	 0.1733 	 -0.0157
2490 	 -0.1822 	 -0.0158
2500 	 0.1556 	 -0.0157
2510 	 0.0667 	 -0.0157
2520 	 0.3600 	 -0.0155
2530 	 0.1911 	 -0.0154
2540 	 0.2711 	 -0.0152
2550 	 -0.1022 	 -0.0153
2560 	 -0.0667 	 -0.0153
2570 	 0.3067 	 -0.0152
2580 	 0.3244 	 -0.0150
2590 	 0.0133 	 -0.0150
2600 	 -0.0489 	 -0.0150
2610 	 -0.0578 	 -0.0150
2620 	 0.3689 	 -0.0148
2630 	 -0.0044 	 -0.0148
2640 	 -0.1200 	 -0.0149
2650 	 -0.1644 	 -0.0149
2660 	 0.0667 	 -0.0149
2670 	 -0.0933 	 -0.0149
2680 	 0.1733 	 -0.0149
2690 	 0.1022 	 -0.0148
2700 	 -0.1911 	 -0.0149
2710 	 -0.0844 	 -0.0149
2720 	 0.0044 	 -0.0149
2730 	 -0.0133 	 -0.0149
2740 	 0.1289 	 -0.0148
2750 	 -0.2000 	 -0.0149
2760 	 -0.0667 	 -0.0150
2770 	 -0.1556 	 -0.0150
2780 	 -0.2000 	 -0.0151
2790 	 0.2267 	 -0.0150
2800 	 -0.0133 	 -0.0150
2810 	 -0.1556 	 -0.0151
2820 	 -0.4222 	 -0.0153
2830 	 0.0400 	 -0.0152
2840 	 -0.0133 	 -0.0152
2850 	 -0.0044 	 -0.0152
2860 	 0.0044 	 -0.0152
2870 	 0.0578 	 -0.0152
2880 	 0.2089 	 -0.0151
2890 	 0.0133 	 -0.0151
2900 	 -0.0044 	 -0.0151
2910 	 0.3778 	 -0.0149
2920 	 0.4933 	 -0.0146
2930 	 -0.1733 	 -0.0147
2940 	 -0.2622 	 -0.0148
2950 	 -0.2711 	 -0.0149
2960 	 -0.2978 	 -0.0151
2970 	 -0.2889 	 -0.0152
2980 	 -0.2356 	 -0.0153
2990 	 0.2444 	 -0.0152
<M> = -0.0152 	 with sampling error = 0.00011983 	 and Var(M) = 0.00129230 
MC simulation
T = 3.00 h = 0.00 J = 1.00
Nx = 15 by Nx = 15
Nsweeps = 3000 and Nsamp = 10

Step 	 M 		 <M>
0 	 0.0000 	 0.0000
10 	 -0.1289 	 -0.0152
20 	 -0.0933 	 -0.0153
30 	 -0.1556 	 -0.0153
40 	 -0.2267 	 -0.0154
50 	 0.0400 	 -0.0154
60 	 -0.0489 	 -0.0154
70 	 0.0044 	 -0.0154
80 	 -0.2800 	 -0.0156
90 	 -0.0044 	 -0.0155
100 	 0.0844 	 -0.0155
110 	 -0.2800 	 -0.0156
120 	 -0.4222 	 -0.0158
130 	 -0.4756 	 -0.0160
140 	 -0.3333 	 -0.0162
150 	 -0.1822 	 -0.0163
160 	 0.0756 	 -0.0162
170 	 -0.2267 	 -0.0163
180 	 -0.5022 	 -0.0166
190 	 -0.2089 	 -0.0166
200 	 -0.0400 	 -0.0167
210 	 0.1733 	 -0.0166
220 	 -0.0489 	 -0.0166
230 	 -0.1289 	 -0.0166
240 	 -0.2178 	 -0.0167
250 	 -0.0844 	 -0.0168
260 	 -0.3422 	 -0.0169
270 	 -0.0933 	 -0.0169
280 	 0.3511 	 -0.0168
290 	 0.3689 	 -0.0166
300 	 0.5733 	 -0.0163
310 	 0.4400 	 -0.0161
320 	 0.0311 	 -0.0161
330 	 -0.0044 	 -0.0161
340 	 0.0489 	 -0.0160
350 	 -0.4311 	 -0.0162
360 	 -0.5733 	 -0.0165
370 	 -0.2089 	 -0.0166
380 	 -0.4311 	 -0.0168
390 	 0.2711 	 -0.0166
400 	 0.1467 	 -0.0166
410 	 0.2444 	 -0.0164
420 	 -0.0133 	 -0.0164
430 	 -0.1200 	 -0.0165
440 	 -0.1200 	 -0.0165
450 	 -0.2622 	 -0.0167
460 	 -0.0222 	 -0.0167
470 	 -0.2000 	 -0.0167
480 	 -0.1200 	 -0.0168
490 	 -0.0667 	 -0.0168
500 	 -0.0933 	 -0.0169
510 	 -0.2267 	 -0.0170
520 	 -0.1644 	 -0.0170
530 	 -0.0756 	 -0.0170
540 	 -0.1644 	 -0.0171
550 	 -0.0933 	 -0.0172
560 	 0.2978 	 -0.0170
570 	 0.3067 	 -0.0169
580 	 0.3600 	 -0.0167
590 	 -0.0489 	 -0.0167
600 	 0.1644 	 -0.0166
610 	 0.3333 	 -0.0164
620 	 0.4400 	 -0.0162
630 	 -0.0133 	 -0.0162
640 	 0.1022 	 -0.0162
650 	 0.3956 	 -0.0160
660 	 0.0844 	 -0.0159
670 	 0.0489 	 -0.0159
680 	 0.0489 	 -0.0159
690 	 -0.1289 	 -0.0159
700 	 -0.1733 	 -0.0160
710 	 0.0756 	 -0.0160
720 	 -0.1822 	 -0.0160
730 	 0.2000 	 -0.0159
740 	 0.3244 	 -0.0158
750 	 0.5289 	 -0.0155
760 	 0.2356 	 -0.0154
770 	 0.4489 	 -0.0152
780 	 0.3689 	 -0.0150
790 	 -0.1111 	 -0.0151
800 	 0.1111 	 -0.0150
810 	 -0.0578 	 -0.0150
820 	 -0.3867 	 -0.0152
830 	 -0.0133 	 -0.0152
840 	 -0.0489 	 -0.0152
850 	 0.0756 	 -0.0152
860 	 -0.0133 	 -0.0152
870 	 -0.1022 	 -0.0152
880 	 -0.0400 	 -0.0152
890 	 -0.1200 	 -0.0153
900 	 0.1911 	 -0.0152
910 	 0.3067 	 -0.0150
920 	 -0.0756 	 -0.0151
930 	 0.1467 	 -0.0150
940 	 0.0133 	 -0.0150
950 	 0.0667 	 -0.0149
960 	 0.1378 	 -0.0149
970 	 0.0933 	 -0.0148
980 	 -0.0489 	 -0.0148
990 	 -0.2000 	 -0.0149
1000 	 0.0044 	 -0.0149
1010 	 0.3156 	 -0.0148
1020 	 0.4044 	 -0.0146
1030 	 0.3422 	 -0.0144
1040 	 0.5467 	 -0.0142
1050 	 0.6089 	 -0.0139
1060 	 0.2356 	 -0.0138
1070 	 0.3067 	 -0.0136
1080 	 0.2711 	 -0.0135
1090 	 -0.1556 	 -0.0135
1100 	 0.1111 	 -0.0135
1110 	 -0.1200 	 -0.0135
1120 	 0.2356 	 -0.0134
1130 	 -0.1644 	 -0.0135
1140 	 0.0844 	 -0.0134
1150 	 -0.2800 	 -0.0136
1160 	 -0.1111 	 -0.0136
1170 	 -0.1022 	 -0.0137
1180 	 -0.1644 	 -0.0137
1190 	 -0.1822 	 -0.0138
1200 	 -0.0133 	 -0.0138
1210 	 0.0489 	 -0.0138
1220 	 -0.1378 	 -0.0138
1230 	 -0.0400 	 -0.0138
1240 	 -0.0933 	 -0.0139
1250 	 -0.5733 	 -0.0141
1260 	 -0.2089 	 -0.0142
1270 	 -0.2089 	 -0.0143
1280 	 -0.1378 	 -0.0144
1290 	 -0.0844 	 -0.0144
1300 	 0.0400 	 -0.0144
1310 	 0.0489 	 -0.0143
1320 	 -0.0667 	 -0.0144
1330 	 -0.2889 	 -0.0145
1340 	 -0.0133 	 -0.0145
1350 	 0.1822 	 -0.0144
1360 	 0.2711 	 -0.0143
1370 	 0.1378 	 -0.0142
1380 	 -0.0578 	 -0.0142
1390 	 -0.3244 	 -0.0144
1400 	 0.1289 	 -0.0143
1410 	 -0.0667 	 -0.0143
1420 	 0.0222 	 -0.0143
1430 	 -0.2178 	 -0.0144
1440 	 -0.1644 	 -0.0145
1450 	 -0.0578 	 -0.0145
1460 	 -0.2444 	 -0.0146
1470 	 -0.1200 	 -0.0146
1480 	 0.3067 	 -0.0145
1490 	 0.3067 	 -0.0143
1500 	 0.3689 	 -0.0142
1510 	 0.3156 	 -0.0140
1520 	 0.3600 	 -0.0139
1530 	 0.1822 	 -0.0138
1540 	 -0.1644 	 -0.0138
1550 	 -0.0933 	 -0.0139
1560 	 -0.0489 	 -0.0139
1570 	 0.3067 	 -0.0137
1580 	 0.0311 	 -0.0137
1590 	 0.0044 	 -0.0137
1600 	 -0.1556 	 -0.0138
1610 	 -0.1289 	 -0.0138
1620 	 -0.2356 	 -0.0139
1630 	 -0.0756 	 -0.0140
1640 	 -0.1467 	 -0.0140
1650 	 -0.1022 	 -0.0140
1660 	 0.0044 	 -0.0140
1670 	 0.1022 	 -0.0140
1680 	 0.2444 	 -0.0139
1690 	 0.1289 	 -0.0138
1700 	 -0.4222 	 -0.0140
1710 	 -0.2178 	 -0.0141
1720 	 -0.0844 	 -0.0141
1730 	 0.1644 	 -0.0140
1740 	 -0.2089 	 -0.0141
1750 	 -0.1467 	 -0.0142
1760 	 0.0933 	 -0.0141
1770 	 0.2711 	 -0.0140
1780 	 0.0400 	 -0.0140
1790 	 0.0044 	 -0.0140
1800 	 0.2622 	 -0.0139
1810 	 -0.0844 	 -0.0139
1820 	 -0.1733 	 -0.0140
1830 	 -0.0133 	 -0.0140
1840 	 0.0222 	 -0.0139
1850 	 -0.2356 	 -0.0140
1860 	 -0.1556 	 -0.0141
1870 	 -0.1378 	 -0.0142
1880 	 -0.0578 	 -0.0142
1890 	 -0.6444 	 -0.0144
1900 	 -0.2978 	 -0.0146
1910 	 -0.4667 	 -0.0148
1920 	 -0.0844 	 -0.0148
1930 	 -0.2000 	 -0.0149
1940 	 0.0578 	 -0.0148
1950 	 -0.2000 	 -0.0149
1960 	 0.2800 	 -0.0148
1970 	 0.4311 	 -0.0146
1980 	 -0.0667 	 -0.0146
1990 	 0.4489 	 -0.0144
2000 	 0.0844 	 -0.0144
2010 	 0.2178 	 -0.0143
2020 	 0.1289 	 -0.0142
2030 	 -0.4756 	 -0.0144
2040 	 -0.1556 	 -0.0145
2050 	 -0.2622 	 -0.0146
2060 	 -0.3333 	 -0.0147
2070 	 -0.3067 	 -0.0149
2080 	 0.0044 	 -0.0148
2090 	 -0.1556 	 -0.0149
2100 	 -0.3956 	 -0.0151
2110 	 0.2711 	 -0.0149
2120 	 -0.0756 	 -0.0150
2130 	 0.0400 	 -0.0150
2140 	 -0.2711 	 -0.0151
2150 	 -0.2533 	 -0.0152
2160 	 -0.2000 	 -0.0152
2170 	 -0.1467 	 -0.0153
2180 	 0.3689 	 -0.0151
2190 	 0.1022 	 -0.0151
2200 	 0.0133 	 -0.0151
2210 	 0.0844 	 -0.0150
2220 	 -0.1467 	 -0.0151
2230 	 -0.1822 	 -0.0152
2240 	 -0.0311 	 -0.0152
2250 	 0.2178 	 -0.0151
2260 	 0.1200 	 -0.0150
2270 	 0.2000 	 -0.0149
2280 	 0.1467 	 -0.0148
2290 	 0.0756 	 -0.0148
2300 	 0.0756 	 -0.0148
2310 	 -0.4133 	 -0.0149
2320 	 0.1111 	 -0.0149
2330 	 0.0400 	 -0.0149
2340 	 -0.0133 	 -0.0149
2350 	 0.1200 	 -0.0148
2360 	 -0.1289 	 -0.0149
2370 	 0.1378 	 -0.0148
2380 	 -0.0311 	 -0.0148
2390 	 -0.0933 	 -0.0148
2400 	 -0.1022 	 -0.0149
2410 	 -0.2978 	 -0.0150
2420 	 0.1822 	 -0.0149
2430 	 0.0756 	 -0.0149
2440 	 0.1200 	 -0.0148
2450 	 -0.0133 	 -0.0148
2460 	 -0.3156 	 -0.0149
2470 	 0.0133 	 -0.0149
2480 	 0.0933 	 -0.0149
2490 	 0.1467 	 -0.0148
2500 	 0.2622 	 -0.0147
2510 	 0.2533 	 -0.0146
2520 	 0.0756 	 -0.0145
2530 	 -0.0756 	 -0.0146
2540 	 0.0044 	 -0.0146
2550 	 0.1733 	 -0.0145
2560 	 0.0044 	 -0.0145
2570 	 0.4844 	 -0.0143
2580 	 0.2622 	 -0.0141
2590 	 0.0578 	 -0.0141
2600 	 -0.1733 	 -0.0142
2610 	 0.0222 	 -0.0142
2620 	 -0.1378 	 -0.0142
2630 	 -0.1289 	 -0.0143
2640 	 -0.2356 	 -0.0144
2650 	 0.0222 	 -0.0143
2660 	 -0.2533 	 -0.0144
2670 	 0.0311 	 -0.0144
2680 	 0.0756 	 -0.0144
2690 	 0.5111 	 -0.0142
2700 	 0.4311 	 -0.0140
2710 	 0.3511 	 -0.0138
2720 	 -0.0844 	 -0.0138
2730 	 0.3244 	 -0.0137
2740 	 0.4578 	 -0.0135
2750 	 0.0933 	 -0.0135
2760 	 0.0933 	 -0.0134
2770 	 -0.2089 	 -0.0135
2780 	 -0.0844 	 -0.0135
2790 	 -0.1733 	 -0.0136
2800 	 -0.4667 	 -0.0138
2810 	 -0.1111 	 -0.0138
2820 	 -0.1644 	 -0.0139
2830 	 -0.0578 	 -0.0139
2840 	 0.2889 	 -0.0138
2850 	 0.2978 	 -0.0136
2860 	 0.4400 	 -0.0135
2870 	 0.2089 	 -0.0134
2880 	 0.1644 	 -0.0133
2890 	 0.2622 	 -0.0132
2900 	 0.3600 	 -0.0130
2910 	 0.6267 	 -0.0127
2920 	 -0.1911 	 -0.0128
2930 	 -0.3422 	 -0.0130
2940 	 -0.2356 	 -0.0131
2950 	 0.1289 	 -0.0130
2960 	 -0.0133 	 -0.0130
2970 	 -0.0578 	 -0.0130
2980 	 -0.3156 	 -0.0131
2990 	 -0.2800 	 -0.0133
<M> = -0.0133 	 with sampling error = 0.00011586 	 and Var(M) = 0.00120802 
MC simulation
T = 3.00 h = 0.00 J = 1.00
Nx = 15 by Nx = 15
Nsweeps = 3000 and Nsamp = 10

Step 	 M 		 <M>
0 	 -1.0000 	 -1.0000
10 	 0.0311 	 -0.0132
20 	 -0.2267 	 -0.0133
30 	 -0.2533 	 -0.0134
40 	 -0.0311 	 -0.0134
50 	 0.1378 	 -0.0134
60 	 -0.1200 	 -0.0134
70 	 -0.0578 	 -0.0134
80 	 0.1022 	 -0.0134
90 	 -0.2356 	 -0.0135
100 	 -0.3156 	 -0.0136
110 	 -0.1556 	 -0.0137
120 	 -0.4400 	 -0.0138
130 	 -0.3067 	 -0.0140
140 	 -0.1822 	 -0.0140
150 	 -0.1200 	 -0.0141
160 	 0.2356 	 -0.0140
170 	 0.2444 	 -0.0139
180 	 0.2800 	 -0.0137
190 	 0.3067 	 -0.0136
200 	 0.1467 	 -0.0135
210 	 0.1822 	 -0.0135
220 	 0.2622 	 -0.0133
230 	 0.2800 	 -0.0132
240 	 -0.1733 	 -0.0133
250 	 -0.3956 	 -0.0134
260 	 -0.2267 	 -0.0135
270 	 -0.0756 	 -0.0136
280 	 -0.0044 	 -0.0136
290 	 -0.4044 	 -0.0137
300 	 -0.2978 	 -0.0138
310 	 0.0933 	 -0.0138
320 	 -0.3511 	 -0.0139
330 	 -0.3333 	 -0.0141
340 	 -0.2889 	 -0.0142
350 	 0.0667 	 -0.0141
360 	 0.0756 	 -0.0141
370 	 -0.1022 	 -0.0141
380 	 -0.1733 	 -0.0142
390 	 0.1556 	 -0.0141
400 	 -0.1289 	 -0.0142
410 	 -0.1733 	 -0.0143
420 	 0.1289 	 -0.0142
430 	 0.3422 	 -0.0140
440 	 0.2178 	 -0.0140
450 	 0.0667 	 -0.0139
460 	 0.2089 	 -0.0138
470 	 -0.1822 	 -0.0139
480 	 0.2622 	 -0.0138
490 	 0.2089 	 -0.0137
500 	 -0.0489 	 -0.0137
510 	 0.0133 	 -0.0137
520 	 0.2356 	 -0.0136
530 	 0.1200 	 -0.0135
540 	 0.3689 	 -0.0134
550 	 -0.0756 	 -0.0134
560 	 -0.0667 	 -0.0134
570 	 -0.2711 	 -0.0135
580 	 -0.1822 	 -0.0136
590 	 -0.0933 	 -0.0136
600 	 -0.0400 	 -0.0136
610 	 -0.3067 	 -0.0138
620 	 -0.0133 	 -0.0138
630 	 -0.5200 	 -0.0140
640 	 -0.0756 	 -0.0140
650 	 -0.0400 	 -0.0140
660 	 -0.0844 	 -0.0140
670 	 -0.1556 	 -0.0141
680 	 0.0578 	 -0.0141
690 	 -0.1822 	 -0.0141
700 	 0.0311 	 -0.0141
710 	 -0.0044 	 -0.0141
720 	 0.0667 	 -0.0141
730 	 0.0133 	 -0.0141
740 	 0.0756 	 -0.0140
750 	 0.0311 	 -0.0140
760 	 -0.1467 	 -0.0141
770 	 -0.4133 	 -0.0142
780 	 -0.1200 	 -0.0143
790 	 0.1289 	 -0.0142
800 	 -0.0400 	 -0.0142
810 	 0.0400 	 -0.0142
820 	 0.1733 	 -0.0141
830 	 0.0667 	 -0.0141
840 	 0.3778 	 -0.0139
850 	 0.3067 	 -0.0138
860 	 -0.1911 	 -0.0139
870 	 -0.5111 	 -0.0141
880 	 -0.3867 	 -0.0142
890 	 0.0311 	 -0.0142
900 	 0.0578 	 -0.0142
910 	 -0.3867 	 -0.0143
920 	 -0.1289 	 -0.0144
930 	 0.1289 	 -0.0143
940 	 -0.0222 	 -0.0143
950 	 -0.0933 	 -0.0144
960 	 0.0667 	 -0.0143
970 	 0.1911 	 -0.0142
980 	 -0.0311 	 -0.0142
990 	 -0.0489 	 -0.0143
1000 	 -0.1644 	 -0.0143
1010 	 -0.1556 	 -0.0144
1020 	 0.3067 	 -0.0142
1030 	 -0.2622 	 -0.0143
1040 	 -0.1467 	 -0.0144
1050 	 -0.2889 	 -0.0145
1060 	 -0.0933 	 -0.0145
1070 	 -0.1644 	 -0.0146
1080 	 -0.4044 	 -0.0148
1090 	 -0.2889 	 -0.0149
1100 	 -0.0844 	 -0.0149
1110 	 0.1022 	 -0.0148
1120 	 0.0667 	 -0.0148
1130 	 -0.0578 	 -0.0148
1140 	 -0.1111 	 -0.0149
1150 	 0.3689 	 -0.0147
1160 	 0.5022 	 -0.0145
1170 	 0.4222 	 -0.0143
1180 	 0.0222 	 -0.0143
1190 	 0.1378 	 -0.0143
1200 	 -0.0578 	 -0.0143
1210 	 0.1467 	 -0.0142
1220 	 0.0933 	 -0.0142
1230 	 -0.3244 	 -0.0143
1240 	 0.1911 	 -0.0142
1250 	 -0.0756 	 -0.0142
1260 	 -0.1378 	 -0.0143
1270 	 0.1644 	 -0.0142
1280 	 -0.2089 	 -0.0143
1290 	 -0.3156 	 -0.0144
1300 	 0.2178 	 -0.0143
1310 	 0.2178 	 -0.0142
1320 	 0.5911 	 -0.0140
1330 	 0.0933 	 -0.0139
1340 	 -0.1822 	 -0.0140
1350 	 0.0400 	 -0.0140
1360 	 -0.2356 	 -0.0141
1370 	 -0.1822 	 -0.0141
1380 	 -0.1378 	 -0.0142
1390 	 -0.1644 	 -0.0143
1400 	 -0.0400 	 -0.0143
1410 	 -0.3956 	 -0.0144
1420 	 -0.1111 	 -0.0145
1430 	 -0.3867 	 -0.0146
1440 	 -0.3156 	 -0.0147
1450 	 0.2178 	 -0.0146
1460 	 0.3156 	 -0.0145
1470 	 0.3511 	 -0.0144
1480 	 0.0756 	 -0.0143
1490 	 -0.1200 	 -0.0144
1500 	 -0.2444 	 -0.0144
1510 	 -0.2000 	 -0.0145
1520 	 -0.3156 	 -0.0146
1530 	 -0.4489 	 -0.0148
1540 	 -0.4667 	 -0.0150
1550 	 0.0222 	 -0.0150
1560 	 -0.1644 	 -0.0150
1570 	 -0.1911 	 -0.0151
1580 	 -0.3067 	 -0.0152
1590 	 0.0133 	 -0.0152
1600 	 0.2356 	 -0.0151
1610 	 0.3333 	 -0.0150
1620 	 0.3867 	 -0.0148
1630 	 0.2000 	 -0.0147
1640 	 0.0844 	 -0.0147
1650 	 0.2889 	 -0.0146
1660 	 0.2533 	 -0.0145
1670 	 0.2089 	 -0.0144
1680 	 0.2711 	 -0.0143
1690 	 0.2800 	 -0.0142
1700 	 -0.0489 	 -0.0142
1710 	 -0.0311 	 -0.0142
1720 	 0.1111 	 -0.0141
1730 	 0.2267 	 -0.0140
1740 	 0.2356 	 -0.0139
1750 	 0.3067 	 -0.0138
1760 	 0.2800 	 -0.0137
1770 	 0.2267 	 -0.0136
1780 	 0.1289 	 -0.0135
1790 	 0.1911 	 -0.0135
1800 	 -0.1467 	 -0.0135
1810 	 0.0133 	 -0.0135
1820 	 -0.3689 	 -0.0136
1830 	 0.0667 	 -0.0136
1840 	 -0.0222 	 -0.0136
1850 	 0.2267 	 -0.0135
1860 	 0.3511 	 -0.0134
1870 	 0.3956 	 -0.0132
1880 	 0.1644 	 -0.0132
1890 	 -0.1111 	 -0.0132
1900 	 0.0667 	 -0.0132
1910 	 0.3244 	 -0.0130
1920 	 0.1911 	 -0.0130
1930 	 0.2711 	 -0.0128
1940 	 0.2089 	 -0.0128
1950 	 0.3244 	 -0.0126
1960 	 0.0044 	 -0.0126
1970 	 0.3422 	 -0.0125
1980 	 0.0400 	 -0.0125
1990 	 0.2711 	 -0.0124
2000 	 0.1111 	 -0.0123
2010 	 -0.0133 	 -0.0123
2020 	 0.1378 	 -0.0122
2030 	 0.0844 	 -0.0122
2040 	 0.0933 	 -0.0122
2050 	 0.1467 	 -0.0121
2060 	 0.0133 	 -0.0121
2070 	 -0.1378 	 -0.0121
2080 	 -0.0667 	 -0.0122
2090 	 -0.3956 	 -0.0123
2100 	 -0.0311 	 -0.0123
2110 	 0.0400 	 -0.0123
2120 	 -0.0667 	 -0.0123
2130 	 -0.1911 	 -0.0124
2140 	 -0.0311 	 -0.0124
2150 	 0.0844 	 -0.0124
2160 	 0.1467 	 -0.0123
2170 	 -0.0578 	 -0.0123
2180 	 0.3333 	 -0.0122
2190 	 0.3689 	 -0.0120
2200 	 0.2889 	 -0.0119
2210 	 -0.3689 	 -0.0121
2220 	 -0.0933 	 -0.0121
2230 	 -0.0844 	 -0.0121
2240 	 -0.2089 	 -0.0122
2250 	 -0.1378 	 -0.0122
2260 	 -0.1644 	 -0.0123
2270 	 -0.2356 	 -0.0124
2280 	 -0.4756 	 -0.0126
2290 	 -0.1467 	 -0.0126
2300 	 -0.5378 	 -0.0128
2310 	 -0.4133 	 -0.0130
2320 	 -0.0933 	 -0.0130
2330 	 0.0489 	 -0.0130
2340 	 -0.1200 	 -0.0130
2350 	 0.0044 	 -0.0130
2360 	 -0.0311 	 -0.0130
2370 	 -0.1289 	 -0.0131
2380 	 -0.2711 	 -0.0132
2390 	 -0.1289 	 -0.0132
2400 	 0.0933 	 -0.0132
2410 	 0.2000 	 -0.0131
2420 	 0.1911 	 -0.0130
2430 	 -0.1911 	 -0.0131
2440 	 -0.3244 	 -0.0132
2450 	 -0.1378 	 -0.0132
2460 	 -0.4044 	 -0.0134
2470 	 -0.2533 	 -0.0135
2480 	 -0.3422 	 -0.0136
2490 	 -0.1733 	 -0.0137
2500 	 -0.4400 	 -0.0138
2510 	 0.1200 	 -0.0138
2520 	 0.4578 	 -0.0136
2530 	 0.2178 	 -0.0135
2540 	 0.1733 	 -0.0134
2550 	 0.2444 	 -0.0133
2560 	 0.4133 	 -0.0132
2570 	 0.4756 	 -0.0130
2580 	 0.3333 	 -0.0129
2590 	 -0.1022 	 -0.0129
2600 	 -0.2622 	 -0.0130
2610 	 -0.2711 	 -0.0131
2620 	 -0.1822 	 -0.0131
2630 	 0.0489 	 -0.0131
2640 	 0.2800 	 -0.0130
2650 	 0.0489 	 -0.0130
2660 	 -0.3600 	 -0.0131
2670 	 -0.0667 	 -0.0131
2680 	 -0.0044 	 -0.0131
2690 	 -0.0222 	 -0.0131
2700 	 0.0311 	 -0.0131
2710 	 0.3511 	 -0.0130
2720 	 0.2089 	 -0.0129
2730 	 0.1200 	 -0.0129
2740 	 -0.0756 	 -0.0129
2750 	 0.2622 	 -0.0128
2760 	 0.1911 	 -0.0127
2770 	 -0.2356 	 -0.0128
2780 	 0.1289 	 -0.0127
2790 	 -0.2533 	 -0.0128
2800 	 -0.0489 	 -0.0128
2810 	 -0.0844 	 -0.0129
2820 	 -0.0578 	 -0.0129
2830 	 0.1556 	 -0.0128
2840 	 0.2089 	 -0.0127
2850 	 -0.0222 	 -0.0127
2860 	 0.1378 	 -0.0127
2870 	 0.1378 	 -0.0126
2880 	 0.2089 	 -0.0125
2890 	 -0.2000 	 -0.0126
2900 	 0.0667 	 -0.0126
2910 	 0.2800 	 -0.0125
2920 	 -0.0044 	 -0.0125
2930 	 -0.1111 	 -0.0125
2940 	 -0.0844 	 -0.0125
2950 	 -0.3067 	 -0.0126
2960 	 -0.3067 	 -0.0128
2970 	 0.1644 	 -0.0127
2980 	 -0.3422 	 -0.0128
2990 	 0.3956 	 -0.0127
<M> = -0.0127 	 with sampling error = 0.00011037 	 and Var(M) = 0.00109641 
MC simulation
T = 3.00 h = 0.00 J = 1.00
Nx = 15 by Nx = 15
Nsweeps = 3000 and Nsamp = 10

Step 	 M 		 <M>
0 	 0.0000 	 0.0000
10 	 0.2533 	 -0.0126
20 	 -0.0311 	 -0.0126
30 	 0.1733 	 -0.0125
40 	 -0.3244 	 -0.0126
50 	 -0.1111 	 -0.0126
60 	 0.0756 	 -0.0126
70 	 -0.0400 	 -0.0126
80 	 -0.1911 	 -0.0127
90 	 0.0578 	 -0.0127
100 	 -0.1644 	 -0.0127
110 	 -0.4133 	 -0.0129
120 	 0.1200 	 -0.0128
130 	 0.3956 	 -0.0127
140 	 0.3422 	 -0.0125
150 	 0.2267 	 -0.0124
160 	 -0.3689 	 -0.0126
170 	 -0.1200 	 -0.0126
180 	 0.2000 	 -0.0125
190 	 0.0933 	 -0.0125
200 	 0.2889 	 -0.0124
210 	 -0.0222 	 -0.0124
220 	 -0.0667 	 -0.0124
230 	 -0.2178 	 -0.0125
240 	 -0.2000 	 -0.0126
250 	 -0.0311 	 -0.0126
260 	 -0.0222 	 -0.0126
270 	 -0.2800 	 -0.0127
280 	 -0.5289 	 -0.0129
290 	 0.0222 	 -0.0128
300 	 -0.3956 	 -0.0130
310 	 -0.1200 	 -0.0130
320 	 -0.1733 	 -0.0131
330 	 -0.1822 	 -0.0131
340 	 -0.3156 	 -0.0133
350 	 -0.5378 	 -0.0135
360 	 -0.0933 	 -0.0135
370 	 -0.2533 	 -0.0136
380 	 0.0044 	 -0.0136
390 	 -0.1022 	 -0.0136
400 	 0.2978 	 -0.0135
410 	 -0.0133 	 -0.0135
420 	 0.1467 	 -0.0134
430 	 0.1911 	 -0.0133
440 	 0.2000 	 -0.0133
450 	 0.0489 	 -0.0132
460 	 0.2622 	 -0.0131
470 	 0.3600 	 -0.0130
480 	 0.2978 	 -0.0129
490 	 -0.0311 	 -0.0129
500 	 0.2711 	 -0.0128
510 	 0.2267 	 -0.0127
520 	 -0.0133 	 -0.0127
530 	 -0.0311 	 -0.0127
540 	 -0.0133 	 -0.0127
550 	 0.0311 	 -0.0127
560 	 0.2533 	 -0.0126
570 	 0.1467 	 -0.0125
580 	 -0.0222 	 -0.0126
590 	 0.0222 	 -0.0125
600 	 -0.2800 	 -0.0126
610 	 -0.3511 	 -0.0128
620 	 -0.3156 	 -0.0129
630 	 -0.3333 	 -0.0130
640 	 -0.3333 	 -0.0131
650 	 -0.1822 	 -0.0132
660 	 0.1467 	 -0.0131
670 	 0.3600 	 -0.0130
680 	 0.1289 	 -0.0129
690 	 0.0400 	 -0.0129
700 	 -0.0311 	 -0.0129
710 	 0.3156 	 -0.0128
720 	 0.2000 	 -0.0127
730 	 0.1911 	 -0.0126
740 	 -0.1111 	 -0.0127
750 	 0.3422 	 -0.0125
760 	 0.3778 	 -0.0124
770 	 -0.0756 	 -0.0124
780 	 0.1022 	 -0.0124
790 	 0.1111 	 -0.0123
800 	 0.1200 	 -0.0123
810 	 0.0044 	 -0.0123
820 	 -0.0844 	 -0.0123
830 	 0.2267 	 -0.0122
840 	 0.0400 	 -0.0122
850 	 -0.2978 	 -0.0123
860 	 -0.0756 	 -0.0123
870 	 0.1556 	 -0.0123
880 	 -0.0667 	 -0.0123
890 	 -0.1644 	 -0.0123
900 	 -0.0756 	 -0.0124
910 	 -0.1644 	 -0.0124
920 	 0.2711 	 -0.0123
930 	 -0.0933 	 -0.0123
940 	 0.3067 	 -0.0122
950 	 0.2978 	 -0.0121
960 	 -0.0044 	 -0.0121
970 	 0.0667 	 -0.0121
980 	 0.4222 	 -0.0119
990 	 -0.3244 	 -0.0120
1000 	 0.0311 	 -0.0120
1010 	 -0.1556 	 -0.0121
1020 	 -0.0844 	 -0.0121
1030 	 0.0756 	 -0.0121
1040 	 0.0667 	 -0.0121
1050 	 -0.0578 	 -0.0121
1060 	 0.3511 	 -0.0119
1070 	 0.1467 	 -0.0119
1080 	 -0.3244 	 -0.0120
1090 	 -0.3600 	 -0.0121
1100 	 0.2978 	 -0.0120
1110 	 0.4933 	 -0.0118
1120 	 0.2444 	 -0.0117
1130 	 0.0578 	 -0.0117
1140 	 -0.0044 	 -0.0117
1150 	 0.0044 	 -0.0117
1160 	 0.2089 	 -0.0116
1170 	 -0.2533 	 -0.0117
1180 	 0.1467 	 -0.0117
1190 	 0.2089 	 -0.0116
1200 	 0.3689 	 -0.0114
1210 	 0.1822 	 -0.0114
1220 	 0.2444 	 -0.0113
1230 	 0.1467 	 -0.0112
1240 	 -0.0844 	 -0.0112
1250 	 0.1644 	 -0.0112
1260 	 -0.0311 	 -0.0112
1270 	 -0.2089 	 -0.0113
1280 	 -0.1644 	 -0.0113
1290 	 0.5556 	 -0.0111
1300 	 0.4400 	 -0.0110
1310 	 -0.1733 	 -0.0110
1320 	 -0.3511 	 -0.0111
1330 	 -0.0311 	 -0.0111
1340 	 -0.2800 	 -0.0112
1350 	 -0.1289 	 -0.0113
1360 	 -0.3511 	 -0.0114
1370 	 -0.1467 	 -0.0114
1380 	 -0.2089 	 -0.0115
1390 	 0.0311 	 -0.0115
1400 	 -0.2889 	 -0.0116
1410 	 -0.2089 	 -0.0117
1420 	 -0.1111 	 -0.0117
1430 	 -0.0044 	 -0.0117
1440 	 -0.2000 	 -0.0118
1450 	 0.2622 	 -0.0117
1460 	 -0.1467 	 -0.0117
1470 	 -0.4667 	 -0.0119
1480 	 -0.2889 	 -0.0120
1490 	 -0.4044 	 -0.0121
1500 	 -0.0844 	 -0.0121
1510 	 0.1111 	 -0.0121
1520 	 -0.2889 	 -0.0122
1530 	 -0.1200 	 -0.0122
1540 	 -0.1111 	 -0.0123
1550 	 0.2178 	 -0.0122
1560 	 0.0667 	 -0.0122
1570 	 -0.6000 	 -0.0124
1580 	 -0.3956 	 -0.0125
1590 	 -0.1822 	 -0.0126
1600 	 -0.3956 	 -0.0127
1610 	 -0.2178 	 -0.0128
1620 	 -0.0844 	 -0.0128
1630 	 0.1467 	 -0.0127
1640 	 0.2444 	 -0.0126
1650 	 0.0133 	 -0.0126
1660 	 -0.0222 	 -0.0126
1670 	 -0.0667 	 -0.0127
1680 	 -0.1467 	 -0.0127
1690 	 0.1733 	 -0.0126
1700 	 -0.2711 	 -0.0127
1710 	 0.0844 	 -0.0127
1720 	 -0.0844 	 -0.0127
1730 	 -0.0133 	 -0.0127
1740 	 0.1022 	 -0.0127
1750 	 0.0311 	 -0.0127
1760 	 -0.0756 	 -0.0127
1770 	 -0.0756 	 -0.0127
1780 	 0.0489 	 -0.0127
1790 	 -0.3422 	 -0.0128
1800 	 0.0044 	 -0.0128
1810 	 -0.2800 	 -0.0129
1820 	 -0.3156 	 -0.0130
1830 	 -0.2800 	 -0.0131
1840 	 -0.0222 	 -0.0131
1850 	 0.0044 	 -0.0131
1860 	 -0.1822 	 -0.0131
1870 	 -0.0133 	 -0.0131
1880 	 -0.0578 	 -0.0132
1890 	 -0.0400 	 -0.0132
1900 	 -0.4489 	 -0.0133
1910 	 -0.1911 	 -0.0134
1920 	 -0.0044 	 -0.0134
1930 	 -0.0667 	 -0.0134
1940 	 -0.1378 	 -0.0134
1950 	 -0.1289 	 -0.0135
1960 	 -0.2444 	 -0.0136
1970 	 -0.2444 	 -0.0136
1980 	 0.1467 	 -0.0136
1990 	 0.4400 	 -0.0134
2000 	 -0.1378 	 -0.0135
2010 	 -0.3244 	 -0.0136
2020 	 -0.0222 	 -0.0136
2030 	 0.1378 	 -0.0135
2040 	 -0.1467 	 -0.0136
2050 	 0.0044 	 -0.0136
2060 	 0.3600 	 -0.0134
2070 	 0.1022 	 -0.0134
2080 	 -0.4400 	 -0.0135
2090 	 -0.2622 	 -0.0136
2100 	 -0.0844 	 -0.0137
2110 	 -0.2889 	 -0.0138
2120 	 0.0400 	 -0.0137
2130 	 0.2356 	 -0.0136
2140 	 0.1467 	 -0.0136
2150 	 -0.0133 	 -0.0136
2160 	 -0.1289 	 -0.0136
2170 	 -0.2444 	 -0.0137
2180 	 -0.0133 	 -0.0137
2190 	 -0.3956 	 -0.0138
2200 	 -0.2178 	 -0.0139
2210 	 -0.2267 	 -0.0140
2220 	 -0.0400 	 -0.0140
2230 	 0.2444 	 -0.0139
2240 	 0.1111 	 -0.0139
2250 	 0.2533 	 -0.0138
2260 	 0.3333 	 -0.0137
2270 	 0.2267 	 -0.0136
2280 	 0.2622 	 -0.0135
2290 	 0.1556 	 -0.0134
2300 	 -0.3333 	 -0.0135
2310 	 -0.0667 	 -0.0135
2320 	 -0.2622 	 -0.0136
2330 	 -0.0844 	 -0.0137
2340 	 -0.2889 	 -0.0137
2350 	 -0.3244 	 -0.0139
2360 	 -0.2089 	 -0.0139
2370 	 -0.2000 	 -0.0140
2380 	 0.2267 	 -0.0139
2390 	 -0.0489 	 -0.0139
2400 	 -0.0844 	 -0.0139
2410 	 0.2000 	 -0.0139
2420 	 -0.3956 	 -0.0140
2430 	 0.2356 	 -0.0139
2440 	 0.1822 	 -0.0138
2450 	 0.1289 	 -0.0138
2460 	 0.1822 	 -0.0137
2470 	 -0.1378 	 -0.0138
2480 	 0.0933 	 -0.0137
2490 	 -0.1200 	 -0.0138
2500 	 -0.2356 	 -0.0138
2510 	 -0.0756 	 -0.0139
2520 	 0.1111 	 -0.0138
2530 	 -0.0311 	 -0.0138
2540 	 -0.1289 	 -0.0139
2550 	 -0.0844 	 -0.0139
2560 	 0.0933 	 -0.0139
2570 	 0.2444 	 -0.0138
2580 	 0.1467 	 -0.0137
2590 	 0.0044 	 -0.0137
2600 	 0.4489 	 -0.0136
2610 	 0.2178 	 -0.0135
2620 	 0.4400 	 -0.0133
2630 	 0.3956 	 -0.0132
2640 	 0.1378 	 -0.0131
2650 	 0.1111 	 -0.0131
2660 	 0.2178 	 -0.0130
2670 	 0.2089 	 -0.0129
2680 	 0.1022 	 -0.0129
2690 	 0.2089 	 -0.0128
2700 	 -0.3067 	 -0.0129
2710 	 -0.3422 	 -0.0130
2720 	 -0.2622 	 -0.0131
2730 	 0.0133 	 -0.0131
2740 	 0.2000 	 -0.0130
2750 	 -0.4756 	 -0.0132
2760 	 -0.3156 	 -0.0133
2770 	 0.1911 	 -0.0132
2780 	 -0.0844 	 -0.0132
2790 	 -0.4133 	 -0.0134
2800 	 -0.4400 	 -0.0135
2810 	 -0.0667 	 -0.0135
2820 	 -0.1467 	 -0.0136
2830 	 -0.3156 	 -0.0137
2840 	 0.0222 	 -0.0137
2850 	 -0.0222 	 -0.0137
2860 	 -0.2089 	 -0.0137
2870 	 0.0311 	 -0.0137
2880 	 0.1289 	 -0.0137
2890 	 0.2533 	 -0.0136
2900 	 0.3244 	 -0.0135
2910 	 -0.0933 	 -0.0135
2920 	 0.1289 	 -0.0135
2930 	 0.2356 	 -0.0134
2940 	 0.1733 	 -0.0133
2950 	 -0.2089 	 -0.0134
2960 	 -0.1111 	 -0.0134
2970 	 -0.1467 	 -0.0135
2980 	 -0.1556 	 -0.0135
2990 	 -0.0489 	 -0.0135
<M> = -0.0135 	 with sampling error = 0.00010316 	 and Var(M) = 0.00095773 
MC simulation
T = 3.00 h = 0.01 J = 1.00
Nx = 15 by Nx = 15
Nsweeps = 3000 and Nsamp = 10

Step 	 M 		 <M>
0 	 0.0000 	 0.0000
10 	 -0.1111 	 -0.0136
20 	 -0.2000 	 -0.0136
30 	 -0.2444 	 -0.0137
40 	 -0.1022 	 -0.0137
50 	 -0.0756 	 -0.0137
60 	 0.0044 	 -0.0137
70 	 0.2000 	 -0.0137
80 	 0.4489 	 -0.0135
90 	 0.2889 	 -0.0134
100 	 0.2178 	 -0.0133
110 	 0.4667 	 -0.0132
120 	 0.3689 	 -0.0130
130 	 0.3689 	 -0.0129
140 	 0.2267 	 -0.0128
150 	 0.1556 	 -0.0128
160 	 0.1200 	 -0.0127
170 	 0.2711 	 -0.0126
180 	 0.3156 	 -0.0125
190 	 0.1822 	 -0.0125
200 	 0.2178 	 -0.0124
210 	 0.1556 	 -0.0123
220 	 0.2800 	 -0.0122
230 	 0.3956 	 -0.0121
240 	 -0.1556 	 -0.0122
250 	 0.3689 	 -0.0120
260 	 0.6356 	 -0.0118
270 	 0.4311 	 -0.0117
280 	 0.0667 	 -0.0116
290 	 0.0311 	 -0.0116
300 	 0.0667 	 -0.0116
310 	 -0.0311 	 -0.0116
320 	 0.3600 	 -0.0115
330 	 0.1644 	 -0.0114
340 	 0.1022 	 -0.0114
350 	 0.1111 	 -0.0113
360 	 0.0044 	 -0.0113
370 	 -0.1289 	 -0.0114
380 	 0.3511 	 -0.0113
390 	 0.0489 	 -0.0112
400 	 0.0222 	 -0.0112
410 	 -0.0489 	 -0.0112
420 	 -0.1556 	 -0.0113
430 	 0.1289 	 -0.0112
440 	 0.2889 	 -0.0111
450 	 0.2800 	 -0.0110
460 	 0.0578 	 -0.0110
470 	 0.2178 	 -0.0109
480 	 0.0311 	 -0.0109
490 	 -0.1822 	 -0.0110
500 	 0.1556 	 -0.0109
510 	 0.2622 	 -0.0108
520 	 0.2800 	 -0.0108
530 	 0.1733 	 -0.0107
540 	 0.1822 	 -0.0106
550 	 0.1822 	 -0.0106
560 	 0.0844 	 -0.0105
570 	 -0.1022 	 -0.0106
580 	 -0.1822 	 -0.0106
590 	 0.0400 	 -0.0106
600 	 -0.4133 	 -0.0107
610 	 -0.3689 	 -0.0109
620 	 -0.1733 	 -0.0109
630 	 0.0133 	 -0.0109
640 	 0.1467 	 -0.0108
650 	 0.2000 	 -0.0108
660 	 -0.0311 	 -0.0108
670 	 -0.0133 	 -0.0108
680 	 0.0400 	 -0.0108
690 	 0.4044 	 -0.0106
700 	 -0.1467 	 -0.0107
710 	 0.1022 	 -0.0106
720 	 -0.1289 	 -0.0107
730 	 -0.0222 	 -0.0107
740 	 0.2800 	 -0.0106
750 	 0.4578 	 -0.0104
760 	 0.0578 	 -0.0104
770 	 -0.2089 	 -0.0105
780 	 -0.0578 	 -0.0105
790 	 0.2889 	 -0.0104
800 	 0.2444 	 -0.0103
810 	 0.4133 	 -0.0102
820 	 0.1644 	 -0.0101
830 	 -0.1644 	 -0.0102
840 	 0.1822 	 -0.0101
850 	 0.3067 	 -0.0100
860 	 0.3689 	 -0.0099
870 	 0.0044 	 -0.0099
880 	 -0.2533 	 -0.0100
890 	 -0.0844 	 -0.0100
900 	 -0.4222 	 -0.0101
910 	 -0.0844 	 -0.0101
920 	 0.0044 	 -0.0101
930 	 0.1733 	 -0.0101
940 	 -0.0400 	 -0.0101
950 	 -0.3422 	 -0.0102
960 	 0.0933 	 -0.0102
970 	 0.0311 	 -0.0101
980 	 -0.2800 	 -0.0102
990 	 -0.1556 	 -0.0103
1000 	 -0.1911 	 -0.0103
1010 	 -0.4489 	 -0.0105
1020 	 0.0133 	 -0.0105
1030 	 0.0133 	 -0.0105
1040 	 0.3422 	 -0.0103
1050 	 0.1822 	 -0.0103
1060 	 0.3333 	 -0.0102
1070 	 -0.0133 	 -0.0102
1080 	 0.0756 	 -0.0101
1090 	 0.1111 	 -0.0101
1100 	 0.1378 	 -0.0101
1110 	 -0.3156 	 -0.0102
1120 	 0.1378 	 -0.0101
1130 	 0.3422 	 -0.0100
1140 	 0.0489 	 -0.0100
1150 	 0.2356 	 -0.0099
1160 	 -0.1022 	 -0.0099
1170 	 -0.0400 	 -0.0099
1180 	 -0.0578 	 -0.0100
1190 	 -0.3067 	 -0.0100
1200 	 -0.1111 	 -0.0101
1210 	 -0.0667 	 -0.0101
1220 	 0.2267 	 -0.0100
1230 	 0.2267 	 -0.0099
1240 	 0.0222 	 -0.0099
1250 	 0.0133 	 -0.0099
1260 	 0.2356 	 -0.0099
1270 	 0.2089 	 -0.0098
1280 	 0.2444 	 -0.0097
1290 	 0.0667 	 -0.0097
1300 	 0.1733 	 -0.0096
1310 	 0.0844 	 -0.0096
1320 	 -0.4044 	 -0.0097
1330 	 -0.4400 	 -0.0098
1340 	 -0.3156 	 -0.0099
1350 	 0.0044 	 -0.0099
1360 	 0.2267 	 -0.0099
1370 	 0.1733 	 -0.0098
1380 	 0.1644 	 -0.0098
1390 	 -0.1111 	 -0.0098
1400 	 0.2800 	 -0.0097
1410 	 0.5111 	 -0.0095
1420 	 0.2267 	 -0.0095
1430 	 0.2356 	 -0.0094
1440 	 0.4133 	 -0.0092
1450 	 0.0489 	 -0.0092
1460 	 -0.0311 	 -0.0092
1470 	 0.1733 	 -0.0092
1480 	 -0.1200 	 -0.0092
1490 	 -0.4311 	 -0.0093
1500 	 -0.2711 	 -0.0094
1510 	 -0.2356 	 -0.0095
1520 	 -0.1200 	 -0.0095
1530 	 0.1111 	 -0.0095
1540 	 0.0400 	 -0.0095
1550 	 0.2800 	 -0.0094
1560 	 0.0578 	 -0.0094
1570 	 0.3778 	 -0.0092
1580 	 -0.1467 	 -0.0093
1590 	 0.0933 	 -0.0092
1600 	 0.2533 	 -0.0092
1610 	 0.4667 	 -0.0090
1620 	 0.1911 	 -0.0090
1630 	 0.1556 	 -0.0089
1640 	 0.2000 	 -0.0088
1650 	 -0.0311 	 -0.0088
1660 	 -0.3511 	 -0.0089
1670 	 -0.1556 	 -0.0090
1680 	 -0.3422 	 -0.0091
1690 	 -0.2533 	 -0.0092
1700 	 0.1378 	 -0.0091
1710 	 0.0667 	 -0.0091
1720 	 0.3244 	 -0.0090
1730 	 0.3511 	 -0.0089
1740 	 0.0756 	 -0.0089
1750 	 0.0933 	 -0.0088
1760 	 0.2356 	 -0.0088
1770 	 0.3867 	 -0.0086
1780 	 0.1556 	 -0.0086
1790 	 0.5111 	 -0.0084
1800 	 0.2622 	 -0.0083
1810 	 0.1644 	 -0.0083
1820 	 0.0933 	 -0.0082
1830 	 0.0667 	 -0.0082
1840 	 -0.2267 	 -0.0083
1850 	 0.0756 	 -0.0083
1860 	 0.1822 	 -0.0082
1870 	 -0.0489 	 -0.0082
1880 	 -0.0400 	 -0.0082
1890 	 0.1289 	 -0.0082
1900 	 0.1378 	 -0.0081
1910 	 -0.0400 	 -0.0081
1920 	 0.3333 	 -0.0080
1930 	 0.4489 	 -0.0079
1940 	 0.1556 	 -0.0078
1950 	 0.2089 	 -0.0078
1960 	 0.2267 	 -0.0077
1970 	 -0.0044 	 -0.0077
1980 	 -0.1556 	 -0.0077
1990 	 -0.1200 	 -0.0078
2000 	 -0.2000 	 -0.0078
2010 	 -0.0133 	 -0.0078
2020 	 0.0667 	 -0.0078
2030 	 -0.1644 	 -0.0079
2040 	 -0.1289 	 -0.0079
2050 	 -0.3689 	 -0.0080
2060 	 -0.3422 	 -0.0081
2070 	 -0.0667 	 -0.0081
2080 	 0.0667 	 -0.0081
2090 	 0.1378 	 -0.0081
2100 	 0.1378 	 -0.0080
2110 	 0.2000 	 -0.0080
2120 	 -0.0578 	 -0.0080
2130 	 -0.2267 	 -0.0080
2140 	 -0.3422 	 -0.0081
2150 	 -0.1733 	 -0.0082
2160 	 0.0044 	 -0.0082
2170 	 -0.4489 	 -0.0083
2180 	 -0.3067 	 -0.0084
2190 	 -0.1022 	 -0.0085
2200 	 -0.0133 	 -0.0085
2210 	 0.0933 	 -0.0084
2220 	 0.2533 	 -0.0083
2230 	 0.2089 	 -0.0083
2240 	 0.2000 	 -0.0082
2250 	 0.3689 	 -0.0081
2260 	 0.1200 	 -0.0081
2270 	 0.0844 	 -0.0080
2280 	 0.0667 	 -0.0080
2290 	 -0.0400 	 -0.0080
2300 	 -0.0044 	 -0.0080
2310 	 -0.2533 	 -0.0081
2320 	 -0.1911 	 -0.0081
2330 	 -0.0844 	 -0.0082
2340 	 -0.1378 	 -0.0082
2350 	 -0.2533 	 -0.0083
2360 	 -0.0756 	 -0.0083
2370 	 -0.0756 	 -0.0083
2380 	 0.1378 	 -0.0083
2390 	 -0.2622 	 -0.0084
2400 	 0.0044 	 -0.0084
2410 	 0.2622 	 -0.0083
2420 	 0.4578 	 -0.0081
2430 	 0.2444 	 -0.0080
2440 	 0.5822 	 -0.0079
2450 	 0.4933 	 -0.0077
2460 	 0.2533 	 -0.0076
2470 	 0.3422 	 -0.0075
2480 	 0.1556 	 -0.0075
2490 	 -0.2889 	 -0.0076
2500 	 -0.2444 	 -0.0076
2510 	 0.4311 	 -0.0075
2520 	 0.0756 	 -0.0075
2530 	 0.1378 	 -0.0074
2540 	 0.3689 	 -0.0073
2550 	 0.2978 	 -0.0072
2560 	 0.3600 	 -0.0071
2570 	 0.0578 	 -0.0071
2580 	 0.1022 	 -0.0070
2590 	 -0.0578 	 -0.0071
2600 	 -0.0489 	 -0.0071
2610 	 -0.1378 	 -0.0071
2620 	 0.0844 	 -0.0071
2630 	 -0.0667 	 -0.0071
2640 	 0.1556 	 -0.0071
2650 	 -0.0756 	 -0.0071
2660 	 0.2444 	 -0.0070
2670 	 0.1467 	 -0.0070
2680 	 0.1022 	 -0.0069
2690 	 -0.2622 	 -0.0070
2700 	 -0.0044 	 -0.0070
2710 	 -0.1911 	 -0.0071
2720 	 -0.1289 	 -0.0071
2730 	 -0.3156 	 -0.0072
2740 	 -0.0667 	 -0.0072
2750 	 0.0489 	 -0.0072
2760 	 -0.0044 	 -0.0072
2770 	 -0.1911 	 -0.0072
2780 	 -0.1200 	 -0.0073
2790 	 -0.0133 	 -0.0073
2800 	 0.2978 	 -0.0072
2810 	 -0.1378 	 -0.0072
2820 	 -0.1378 	 -0.0073
2830 	 0.0844 	 -0.0072
2840 	 0.2978 	 -0.0071
2850 	 0.5911 	 -0.0070
2860 	 0.0222 	 -0.0070
2870 	 0.2178 	 -0.0069
2880 	 0.2800 	 -0.0068
2890 	 -0.1111 	 -0.0068
2900 	 0.3244 	 -0.0067
2910 	 -0.1200 	 -0.0068
2920 	 0.0400 	 -0.0067
2930 	 0.5022 	 -0.0066
2940 	 0.2533 	 -0.0065
2950 	 0.1378 	 -0.0065
2960 	 0.3867 	 -0.0064
2970 	 0.1822 	 -0.0063
2980 	 0.1556 	 -0.0062
2990 	 0.2267 	 -0.0062
<M> = -0.0062 	 with sampling error = 0.00011257 	 and Var(M) = 0.00114058 
