MC simulation
T = 2.20 h = -0.05 J = 1.00
Nx = 15 by Nx = 15
Nsweeps = 3000 and Nsamp = 10

Step 	 M 		 <M>
0 	 -1.0000 	 -1.0000
10 	 -0.6000 	 -0.6000
20 	 -0.6533 	 -0.6267
30 	 -0.8756 	 -0.7096
40 	 -0.8311 	 -0.7400
50 	 -0.5644 	 -0.7049
60 	 -0.8933 	 -0.7363
70 	 -0.9378 	 -0.7651
80 	 -0.9022 	 -0.7822
90 	 -0.9200 	 -0.7975
100 	 -0.9111 	 -0.8089
110 	 -0.8578 	 -0.8133
120 	 -0.6444 	 -0.7993
130 	 -0.6533 	 -0.7880
140 	 -0.7244 	 -0.7835
150 	 -0.8489 	 -0.7879
160 	 -0.7689 	 -0.7867
170 	 -0.8400 	 -0.7898
180 	 -0.8489 	 -0.7931
190 	 -0.7778 	 -0.7923
200 	 -0.9022 	 -0.7978
210 	 -0.9467 	 -0.8049
220 	 -0.7156 	 -0.8008
230 	 -0.8756 	 -0.8041
240 	 -0.8667 	 -0.8067
250 	 -0.8933 	 -0.8101
260 	 -0.7778 	 -0.8089
270 	 -0.6800 	 -0.8041
280 	 -0.7600 	 -0.8025
290 	 -0.8756 	 -0.8051
300 	 -0.8844 	 -0.8077
310 	 -0.9022 	 -0.8108
320 	 -0.8489 	 -0.8119
330 	 -0.8578 	 -0.8133
340 	 -0.8933 	 -0.8157
350 	 -0.8844 	 -0.8177
360 	 -0.8222 	 -0.8178
370 	 -0.7867 	 -0.8169
380 	 -0.5733 	 -0.8105
390 	 -0.7600 	 -0.8092
400 	 -0.7689 	 -0.8082
410 	 -0.9200 	 -0.8109
420 	 -0.6711 	 -0.8076
430 	 -0.8844 	 -0.8094
440 	 -0.9022 	 -0.8115
450 	 -0.7956 	 -0.8112
460 	 -0.8578 	 -0.8122
470 	 -0.7422 	 -0.8107
480 	 -0.6889 	 -0.8081
490 	 -0.8578 	 -0.8092
500 	 -0.7422 	 -0.8078
510 	 -0.9200 	 -0.8100
520 	 -0.9644 	 -0.8130
530 	 -0.8044 	 -0.8128
540 	 -0.9111 	 -0.8147
550 	 -0.8044 	 -0.8145
560 	 -0.8756 	 -0.8156
570 	 -0.8933 	 -0.8169
580 	 -0.9022 	 -0.8184
590 	 -0.9911 	 -0.8213
600 	 -0.8133 	 -0.8212
610 	 -0.4933 	 -0.8158
620 	 -0.6711 	 -0.8135
630 	 -0.8756 	 -0.8145
640 	 -0.8044 	 -0.8143
650 	 -0.8756 	 -0.8152
660 	 -0.8044 	 -0.8151
670 	 -0.8933 	 -0.8163
680 	 -0.8578 	 -0.8169
690 	 -0.9556 	 -0.8189
700 	 -0.9289 	 -0.8204
710 	 -0.7511 	 -0.8195
720 	 -0.8578 	 -0.8200
730 	 -0.7422 	 -0.8189
740 	 -0.8933 	 -0.8199
750 	 -0.8756 	 -0.8207
760 	 -0.8133 	 -0.8206
770 	 -0.9200 	 -0.8219
780 	 -0.8400 	 -0.8221
790 	 -0.8933 	 -0.8230
800 	 -0.8133 	 -0.8229
810 	 -0.9111 	 -0.8240
820 	 -0.8578 	 -0.8244
830 	 -0.9556 	 -0.8260
840 	 -0.8933 	 -0.8268
850 	 -0.9111 	 -0.8278
860 	 -0.8311 	 -0.8278
870 	 -0.8933 	 -0.8286
880 	 -0.9200 	 -0.8296
890 	 -0.9200 	 -0.8306
900 	 -0.9111 	 -0.8315
910 	 -0.8667 	 -0.8319
920 	 -0.9556 	 -0.8332
930 	 -0.9378 	 -0.8344
940 	 -0.8044 	 -0.8340
950 	 -0.8667 	 -0.8344
960 	 -0.8933 	 -0.8350
970 	 -0.8400 	 -0.8351
980 	 -0.9200 	 -0.8359
990 	 -0.7156 	 -0.8347
1000 	 -0.9289 	 -0.8356
1010 	 -0.9644 	 -0.8369
1020 	 -0.8044 	 -0.8366
1030 	 -0.8489 	 -0.8367
1040 	 -0.8933 	 -0.8373
1050 	 -0.8133 	 -0.8370
1060 	 -0.9022 	 -0.8377
1070 	 -0.8756 	 -0.8380
1080 	 -0.8489 	 -0.8381
1090 	 -0.8844 	 -0.8385
1100 	 -0.7422 	 -0.8377
1110 	 -0.8756 	 -0.8380
1120 	 -0.8578 	 -0.8382
1130 	 -0.8756 	 -0.8385
1140 	 -0.6800 	 -0.8371
1150 	 -0.7333 	 -0.8362
1160 	 -0.9289 	 -0.8370
1170 	 -0.9200 	 -0.8377
1180 	 -0.8756 	 -0.8380
1190 	 -0.8400 	 -0.8381
1200 	 -0.8489 	 -0.8381
1210 	 -0.8222 	 -0.8380
1220 	 -0.8756 	 -0.8383
1230 	 -0.7778 	 -0.8378
1240 	 -0.7689 	 -0.8373
1250 	 -0.7511 	 -0.8366
1260 	 -0.8489 	 -0.8367
1270 	 -0.9111 	 -0.8373
1280 	 -0.9022 	 -0.8378
1290 	 -0.7156 	 -0.8368
1300 	 -0.7067 	 -0.8358
1310 	 -0.8222 	 -0.8357
1320 	 -0.9200 	 -0.8364
1330 	 -0.8756 	 -0.8367
1340 	 -0.8844 	 -0.8370
1350 	 -0.9556 	 -0.8379
1360 	 -0.9556 	 -0.8388
1370 	 -0.9022 	 -0.8392
1380 	 -0.8578 	 -0.8394
1390 	 -0.9378 	 -0.8401
1400 	 -0.8933 	 -0.8404
1410 	 -0.9289 	 -0.8411
1420 	 -0.8844 	 -0.8414
1430 	 -0.8844 	 -0.8417
1440 	 -0.8933 	 -0.8420
1450 	 -0.8311 	 -0.8420
1460 	 -0.9022 	 -0.8424
1470 	 -0.8489 	 -0.8424
1480 	 -0.8933 	 -0.8428
1490 	 -0.8667 	 -0.8429
1500 	 -0.7689 	 -0.8424
1510 	 -0.9200 	 -0.8429
1520 	 -0.9467 	 -0.8436
1530 	 -0.8044 	 -0.8434
1540 	 -0.8933 	 -0.8437
1550 	 -0.8133 	 -0.8435
1560 	 -0.8578 	 -0.8436
1570 	 -0.8578 	 -0.8437
1580 	 -0.8578 	 -0.8438
1590 	 -0.8667 	 -0.8439
1600 	 -0.7689 	 -0.8434
1610 	 -1.0000 	 -0.8444
1620 	 -0.7778 	 -0.8440
1630 	 -0.7867 	 -0.8437
1640 	 -0.9200 	 -0.8441
1650 	 -0.8578 	 -0.8442
1660 	 -0.9289 	 -0.8447
1670 	 -0.7511 	 -0.8442
1680 	 -0.6622 	 -0.8431
1690 	 -0.7778 	 -0.8427
1700 	 -0.9111 	 -0.8431
1710 	 -0.8844 	 -0.8433
1720 	 -0.9378 	 -0.8439
1730 	 -0.7244 	 -0.8432
1740 	 -0.9644 	 -0.8439
1750 	 -0.8133 	 -0.8437
1760 	 -0.8489 	 -0.8437
1770 	 -0.9644 	 -0.8444
1780 	 -0.8489 	 -0.8444
1790 	 -0.8578 	 -0.8445
1800 	 -0.8400 	 -0.8445
1810 	 -0.8933 	 -0.8448
1820 	 -0.9556 	 -0.8454
1830 	 -0.8667 	 -0.8455
1840 	 -0.8578 	 -0.8456
1850 	 -0.8489 	 -0.8456
1860 	 -0.9556 	 -0.8462
1870 	 -0.8844 	 -0.8464
1880 	 -0.9022 	 -0.8467
1890 	 -0.6978 	 -0.8459
1900 	 -0.5022 	 -0.8441
1910 	 -0.9111 	 -0.8444
1920 	 -0.9200 	 -0.8448
1930 	 -0.7778 	 -0.8445
1940 	 -0.8578 	 -0.8445
1950 	 -0.8667 	 -0.8446
1960 	 -0.9111 	 -0.8450
1970 	 -0.8044 	 -0.8448
1980 	 -0.9289 	 -0.8452
1990 	 -0.8311 	 -0.8451
2000 	 -0.7689 	 -0.8448
2010 	 -0.9733 	 -0.8454
2020 	 -0.8933 	 -0.8456
2030 	 -0.8400 	 -0.8456
2040 	 -0.8667 	 -0.8457
2050 	 -0.9289 	 -0.8461
2060 	 -0.6978 	 -0.8454
2070 	 -0.7689 	 -0.8450
2080 	 -0.8222 	 -0.8449
2090 	 -0.8756 	 -0.8451
2100 	 -0.8489 	 -0.8451
2110 	 -0.8400 	 -0.8451
2120 	 -0.8311 	 -0.8450
2130 	 -0.7511 	 -0.8445
2140 	 -0.8578 	 -0.8446
2150 	 -0.8578 	 -0.8447
2160 	 -0.7689 	 -0.8443
2170 	 -0.8756 	 -0.8445
2180 	 -0.6978 	 -0.8438
2190 	 -0.8667 	 -0.8439
2200 	 -0.9200 	 -0.8442
2210 	 -0.8756 	 -0.8444
2220 	 -0.8756 	 -0.8445
2230 	 -0.8311 	 -0.8445
2240 	 -0.7778 	 -0.8442
2250 	 -0.8667 	 -0.8443
2260 	 -0.8667 	 -0.8444
2270 	 -0.9200 	 -0.8447
2280 	 -0.9289 	 -0.8451
2290 	 -0.9378 	 -0.8455
2300 	 -0.8756 	 -0.8456
2310 	 -0.8044 	 -0.8454
2320 	 -0.9378 	 -0.8458
2330 	 -0.8133 	 -0.8457
2340 	 -0.8578 	 -0.8457
2350 	 -0.8400 	 -0.8457
2360 	 -0.8578 	 -0.8458
2370 	 -0.9022 	 -0.8460
2380 	 -0.9022 	 -0.8462
2390 	 -0.8933 	 -0.8464
2400 	 -0.8844 	 -0.8466
2410 	 -0.9289 	 -0.8469
2420 	 -0.8578 	 -0.8470
2430 	 -0.9200 	 -0.8473
2440 	 -0.9111 	 -0.8475
2450 	 -0.7156 	 -0.8470
2460 	 -0.8578 	 -0.8470
2470 	 -0.9111 	 -0.8473
2480 	 -0.9022 	 -0.8475
2490 	 -0.9378 	 -0.8479
2500 	 -0.9022 	 -0.8481
2510 	 -0.8400 	 -0.8481
2520 	 -0.9467 	 -0.8485
2530 	 -0.9467 	 -0.8489
2540 	 -0.8133 	 -0.8487
2550 	 -0.8578 	 -0.8487
2560 	 -0.8578 	 -0.8488
2570 	 -0.9467 	 -0.8492
2580 	 -0.9556 	 -0.8496
2590 	 -0.9467 	 -0.8500
2600 	 -0.8756 	 -0.8501
2610 	 -0.8400 	 -0.8500
2620 	 -0.7956 	 -0.8498
2630 	 -0.8933 	 -0.8500
2640 	 -0.8756 	 -0.8501
2650 	 -0.9111 	 -0.8503
2660 	 -0.7956 	 -0.8501
2670 	 -0.8933 	 -0.8503
2680 	 -0.7778 	 -0.8500
2690 	 -0.9378 	 -0.8503
2700 	 -0.8667 	 -0.8504
2710 	 -0.8756 	 -0.8505
2720 	 -0.7333 	 -0.8500
2730 	 -0.9378 	 -0.8504
2740 	 -0.8311 	 -0.8503
2750 	 -0.9644 	 -0.8507
2760 	 -0.9467 	 -0.8510
2770 	 -0.9289 	 -0.8513
2780 	 -0.8044 	 -0.8512
2790 	 -0.8222 	 -0.8511
2800 	 -0.8844 	 -0.8512
2810 	 -0.8756 	 -0.8513
2820 	 -0.8667 	 -0.8513
2830 	 -0.8311 	 -0.8512
2840 	 -0.8222 	 -0.8511
2850 	 -0.8756 	 -0.8512
2860 	 -0.8133 	 -0.8511
2870 	 -0.6711 	 -0.8505
2880 	 -0.8756 	 -0.8506
2890 	 -0.8578 	 -0.8506
2900 	 -0.9378 	 -0.8509
2910 	 -0.8222 	 -0.8508
2920 	 -0.8933 	 -0.8509
2930 	 -0.9111 	 -0.8511
2940 	 -0.8756 	 -0.8512
2950 	 -0.8578 	 -0.8512
2960 	 -0.9111 	 -0.8514
2970 	 -0.8844 	 -0.8516
2980 	 -0.9200 	 -0.8518
2990 	 -0.9111 	 -0.8520
<M> = -0.8520 	 with sampling error = 0.00011380 	 and Var(M) = 0.00116555 
MC simulation
T = 2.20 h = -0.04 J = 1.00
Nx = 15 by Nx = 15
Nsweeps = 3000 and Nsamp = 10

Step 	 M 		 <M>
0 	 -1.0000 	 -1.0000
10 	 -0.6978 	 -0.8515
20 	 -0.9289 	 -0.8517
30 	 -0.9644 	 -0.8521
40 	 -0.9467 	 -0.8524
50 	 -0.9644 	 -0.8528
60 	 -0.9733 	 -0.8532
70 	 -0.8578 	 -0.8532
80 	 -0.7333 	 -0.8528
90 	 -0.7600 	 -0.8525
100 	 -0.9200 	 -0.8527
110 	 -0.8400 	 -0.8527
120 	 -0.6089 	 -0.8519
130 	 -0.6978 	 -0.8514
140 	 -0.8844 	 -0.8515
150 	 -0.8933 	 -0.8516
160 	 -0.9556 	 -0.8520
170 	 -0.8489 	 -0.8520
180 	 -0.9378 	 -0.8522
190 	 -0.8133 	 -0.8521
200 	 -0.8311 	 -0.8520
210 	 -0.9200 	 -0.8522
220 	 -0.9467 	 -0.8525
230 	 -0.9200 	 -0.8528
240 	 -0.8489 	 -0.8527
250 	 -0.8844 	 -0.8528
260 	 -0.8400 	 -0.8528
270 	 -0.8667 	 -0.8528
280 	 -0.7600 	 -0.8526
290 	 -0.8222 	 -0.8525
300 	 -0.7867 	 -0.8523
310 	 -0.9911 	 -0.8527
320 	 -0.8222 	 -0.8526
330 	 -0.8133 	 -0.8525
340 	 -0.7778 	 -0.8523
350 	 -0.9111 	 -0.8524
360 	 -0.8933 	 -0.8526
370 	 -0.9644 	 -0.8529
380 	 -0.8756 	 -0.8530
390 	 -0.8311 	 -0.8529
400 	 -0.7867 	 -0.8527
410 	 -0.7422 	 -0.8524
420 	 -0.7689 	 -0.8521
430 	 -0.8844 	 -0.8522
440 	 -0.8844 	 -0.8523
450 	 -0.9022 	 -0.8525
460 	 -0.8667 	 -0.8525
470 	 -0.7067 	 -0.8521
480 	 -0.9200 	 -0.8523
490 	 -0.8667 	 -0.8523
500 	 -0.8667 	 -0.8524
510 	 -0.7867 	 -0.8522
520 	 -0.8933 	 -0.8523
530 	 -0.7867 	 -0.8521
540 	 -0.6267 	 -0.8515
550 	 -0.8133 	 -0.8513
560 	 -0.9378 	 -0.8516
570 	 -0.9378 	 -0.8518
580 	 -0.8578 	 -0.8519
590 	 -0.7156 	 -0.8515
600 	 -0.7778 	 -0.8513
610 	 -0.8578 	 -0.8513
620 	 -0.9200 	 -0.8515
630 	 -0.9378 	 -0.8517
640 	 -0.7244 	 -0.8514
650 	 -0.9200 	 -0.8516
660 	 -0.7422 	 -0.8513
670 	 -0.7333 	 -0.8509
680 	 -0.8489 	 -0.8509
690 	 -0.6711 	 -0.8504
700 	 -0.6978 	 -0.8500
710 	 -0.6356 	 -0.8494
720 	 -0.8133 	 -0.8493
730 	 -0.7689 	 -0.8491
740 	 -0.8222 	 -0.8491
750 	 -0.7956 	 -0.8489
760 	 -0.9467 	 -0.8492
770 	 -0.8222 	 -0.8491
780 	 -0.8489 	 -0.8491
790 	 -0.8133 	 -0.8490
800 	 -0.9022 	 -0.8491
810 	 -0.9200 	 -0.8493
820 	 -0.9378 	 -0.8496
830 	 -0.8222 	 -0.8495
840 	 -0.9378 	 -0.8497
850 	 -0.7778 	 -0.8495
860 	 -0.8933 	 -0.8497
870 	 -0.9289 	 -0.8499
880 	 -0.8933 	 -0.8500
890 	 -0.7778 	 -0.8498
900 	 -0.9556 	 -0.8501
910 	 -0.8489 	 -0.8501
920 	 -0.6889 	 -0.8496
930 	 -0.8578 	 -0.8497
940 	 -0.6800 	 -0.8492
950 	 -0.7778 	 -0.8490
960 	 -0.9556 	 -0.8493
970 	 -0.8933 	 -0.8494
980 	 -0.8222 	 -0.8494
990 	 -0.6800 	 -0.8489
1000 	 -0.9111 	 -0.8491
1010 	 -0.8756 	 -0.8492
1020 	 -0.8844 	 -0.8492
1030 	 -0.8578 	 -0.8493
1040 	 -0.8578 	 -0.8493
1050 	 -0.8222 	 -0.8492
1060 	 -0.9111 	 -0.8494
1070 	 -0.7333 	 -0.8491
1080 	 -0.9111 	 -0.8492
1090 	 -0.7956 	 -0.8491
1100 	 -0.8311 	 -0.8491
1110 	 -0.8044 	 -0.8490
1120 	 -0.8844 	 -0.8490
1130 	 -0.8578 	 -0.8491
1140 	 -0.7422 	 -0.8488
1150 	 -0.8489 	 -0.8488
1160 	 -0.7422 	 -0.8485
1170 	 -0.7956 	 -0.8484
1180 	 -0.7778 	 -0.8482
1190 	 -0.6267 	 -0.8477
1200 	 -0.7156 	 -0.8474
1210 	 -0.6622 	 -0.8470
1220 	 -0.8933 	 -0.8471
1230 	 -0.6178 	 -0.8465
1240 	 -0.7156 	 -0.8462
1250 	 -0.7511 	 -0.8460
1260 	 -0.8667 	 -0.8460
1270 	 -0.8756 	 -0.8461
1280 	 -0.9200 	 -0.8463
1290 	 -0.7956 	 -0.8462
1300 	 -0.8844 	 -0.8463
1310 	 -0.7511 	 -0.8460
1320 	 -0.9111 	 -0.8462
1330 	 -0.9378 	 -0.8464
1340 	 -0.8578 	 -0.8464
1350 	 -0.9289 	 -0.8466
1360 	 -0.9200 	 -0.8468
1370 	 -0.9022 	 -0.8469
1380 	 -0.8578 	 -0.8469
1390 	 -0.7778 	 -0.8468
1400 	 -0.7067 	 -0.8465
1410 	 -0.9556 	 -0.8467
1420 	 -0.9467 	 -0.8469
1430 	 -0.9111 	 -0.8471
1440 	 -0.8933 	 -0.8472
1450 	 -0.9289 	 -0.8474
1460 	 -0.9822 	 -0.8477
1470 	 -0.8578 	 -0.8477
1480 	 -0.6889 	 -0.8473
1490 	 -0.8400 	 -0.8473
1500 	 -0.8311 	 -0.8473
1510 	 -0.8311 	 -0.8472
1520 	 -0.9289 	 -0.8474
1530 	 -0.8311 	 -0.8474
1540 	 -0.9644 	 -0.8477
1550 	 -0.8667 	 -0.8477
1560 	 -0.9022 	 -0.8478
1570 	 -0.8933 	 -0.8479
1580 	 -0.8578 	 -0.8479
1590 	 -0.9111 	 -0.8481
1600 	 -0.9022 	 -0.8482
1610 	 -0.8667 	 -0.8482
1620 	 -0.8933 	 -0.8483
1630 	 -0.8667 	 -0.8484
1640 	 -0.8667 	 -0.8484
1650 	 -0.9022 	 -0.8485
1660 	 -0.8489 	 -0.8485
1670 	 -0.8933 	 -0.8486
1680 	 -0.7511 	 -0.8484
1690 	 -0.7600 	 -0.8482
1700 	 -0.6267 	 -0.8478
1710 	 -0.8311 	 -0.8477
1720 	 -0.8756 	 -0.8478
1730 	 -0.8578 	 -0.8478
1740 	 -0.9467 	 -0.8480
1750 	 -0.9289 	 -0.8482
1760 	 -0.8222 	 -0.8481
1770 	 -0.9022 	 -0.8482
1780 	 -0.7333 	 -0.8480
1790 	 -0.8667 	 -0.8480
1800 	 -0.7600 	 -0.8478
1810 	 -0.8400 	 -0.8478
1820 	 -0.9289 	 -0.8480
1830 	 -0.9200 	 -0.8482
1840 	 -0.8933 	 -0.8482
1850 	 -0.8578 	 -0.8483
1860 	 -0.8933 	 -0.8484
1870 	 -0.7333 	 -0.8481
1880 	 -0.8844 	 -0.8482
1890 	 -0.8578 	 -0.8482
1900 	 -0.8667 	 -0.8483
1910 	 -0.8667 	 -0.8483
1920 	 -0.9022 	 -0.8484
1930 	 -0.8756 	 -0.8485
1940 	 -0.9289 	 -0.8486
1950 	 -0.8933 	 -0.8487
1960 	 -0.8933 	 -0.8488
1970 	 -0.7689 	 -0.8486
1980 	 -0.7867 	 -0.8485
1990 	 -0.9022 	 -0.8486
2000 	 -0.8667 	 -0.8487
2010 	 -0.9022 	 -0.8488
2020 	 -0.7778 	 -0.8486
2030 	 -0.8933 	 -0.8487
2040 	 -0.7244 	 -0.8485
2050 	 -0.7956 	 -0.8484
2060 	 -0.9022 	 -0.8485
2070 	 -0.8933 	 -0.8486
2080 	 -0.8933 	 -0.8486
2090 	 -0.9644 	 -0.8489
2100 	 -0.9111 	 -0.8490
2110 	 -0.9111 	 -0.8491
2120 	 -0.8578 	 -0.8491
2130 	 -0.7244 	 -0.8489
2140 	 -0.8667 	 -0.8489
2150 	 -0.8133 	 -0.8489
2160 	 -0.8044 	 -0.8488
2170 	 -0.9022 	 -0.8489
2180 	 -0.8578 	 -0.8489
2190 	 -0.9289 	 -0.8490
2200 	 -0.7867 	 -0.8489
2210 	 -0.8844 	 -0.8490
2220 	 -0.7600 	 -0.8488
2230 	 -0.9200 	 -0.8490
2240 	 -0.8578 	 -0.8490
2250 	 -0.8489 	 -0.8490
2260 	 -0.7333 	 -0.8488
2270 	 -0.6444 	 -0.8484
2280 	 -0.8756 	 -0.8484
2290 	 -0.8667 	 -0.8485
2300 	 -0.8844 	 -0.8485
2310 	 -0.9022 	 -0.8486
2320 	 -0.7244 	 -0.8484
2330 	 -0.9467 	 -0.8486
2340 	 -0.8667 	 -0.8486
2350 	 -0.9200 	 -0.8487
2360 	 -0.9200 	 -0.8489
2370 	 -0.9200 	 -0.8490
2380 	 -0.8044 	 -0.8489
2390 	 -0.9378 	 -0.8491
2400 	 -0.9644 	 -0.8493
2410 	 -0.7511 	 -0.8491
2420 	 -0.8933 	 -0.8492
2430 	 -0.9733 	 -0.8494
2440 	 -0.8489 	 -0.8494
2450 	 -0.9556 	 -0.8496
2460 	 -0.8044 	 -0.8495
2470 	 -0.7511 	 -0.8494
2480 	 -0.9289 	 -0.8495
2490 	 -0.7956 	 -0.8494
2500 	 -0.9111 	 -0.8495
2510 	 -0.8756 	 -0.8496
2520 	 -0.9022 	 -0.8497
2530 	 -0.8578 	 -0.8497
2540 	 -0.9644 	 -0.8499
2550 	 -0.9289 	 -0.8500
2560 	 -0.9289 	 -0.8502
2570 	 -0.8667 	 -0.8502
2580 	 -0.8400 	 -0.8502
2590 	 -0.8756 	 -0.8502
2600 	 -0.5556 	 -0.8497
2610 	 -0.8667 	 -0.8497
2620 	 -0.9378 	 -0.8499
2630 	 -0.9467 	 -0.8501
2640 	 -0.9200 	 -0.8502
2650 	 -0.9467 	 -0.8504
2660 	 -0.8133 	 -0.8503
2670 	 -0.9111 	 -0.8504
2680 	 -0.9200 	 -0.8505
2690 	 -0.8667 	 -0.8505
2700 	 -0.7867 	 -0.8504
2710 	 -0.7600 	 -0.8503
2720 	 -0.8133 	 -0.8502
2730 	 -0.8311 	 -0.8502
2740 	 -0.7956 	 -0.8501
2750 	 -0.8667 	 -0.8501
2760 	 -0.7689 	 -0.8500
2770 	 -0.7867 	 -0.8499
2780 	 -0.6889 	 -0.8496
2790 	 -0.9200 	 -0.8497
2800 	 -0.8044 	 -0.8496
2810 	 -0.7156 	 -0.8494
2820 	 -0.8311 	 -0.8494
2830 	 -0.8667 	 -0.8494
2840 	 -0.8756 	 -0.8494
2850 	 -0.9022 	 -0.8495
2860 	 -0.8044 	 -0.8495
2870 	 -0.9289 	 -0.8496
2880 	 -0.8311 	 -0.8496
2890 	 -0.9022 	 -0.8496
2900 	 -0.8667 	 -0.8497
2910 	 -0.8667 	 -0.8497
2920 	 -0.8667 	 -0.8497
2930 	 -0.8578 	 -0.8497
2940 	 -0.7778 	 -0.8496
2950 	 -0.9111 	 -0.8497
2960 	 -0.8667 	 -0.8498
2970 	 -0.9111 	 -0.8499
2980 	 -0.6089 	 -0.8495
2990 	 -0.9289 	 -0.8496
<M> = -0.8496 	 with sampling error = 0.00007739 	 and Var(M) = 0.00053902 
MC simulation
T = 2.20 h = -0.03 J = 1.00
Nx = 15 by Nx = 15
Nsweeps = 3000 and Nsamp = 10

Step 	 M 		 <M>
0 	 -1.0000 	 -1.0000
10 	 -0.7422 	 -0.8494
20 	 -0.7600 	 -0.8493
30 	 -0.8222 	 -0.8492
40 	 -0.9644 	 -0.8494
50 	 -0.8133 	 -0.8493
60 	 -0.8756 	 -0.8494
70 	 -0.8578 	 -0.8494
80 	 -0.8489 	 -0.8494
90 	 -0.8756 	 -0.8494
100 	 -0.8933 	 -0.8495
110 	 -0.7778 	 -0.8494
120 	 -0.8756 	 -0.8494
130 	 -0.9378 	 -0.8496
140 	 -0.9467 	 -0.8497
150 	 -0.7689 	 -0.8496
160 	 -0.8222 	 -0.8496
170 	 -0.8844 	 -0.8496
180 	 -0.9111 	 -0.8497
190 	 -0.8844 	 -0.8498
200 	 -0.8844 	 -0.8498
210 	 -0.7778 	 -0.8497
220 	 -0.8222 	 -0.8497
230 	 -0.8489 	 -0.8497
240 	 -0.8578 	 -0.8497
250 	 -0.8756 	 -0.8497
260 	 -0.8044 	 -0.8497
270 	 -0.8844 	 -0.8497
280 	 -0.8756 	 -0.8498
290 	 -0.8400 	 -0.8497
300 	 -0.7244 	 -0.8495
310 	 -0.9289 	 -0.8497
320 	 -0.7333 	 -0.8495
330 	 -0.8311 	 -0.8495
340 	 -0.8578 	 -0.8495
350 	 -0.9022 	 -0.8495
360 	 -0.7422 	 -0.8494
370 	 -0.8667 	 -0.8494
380 	 -0.7600 	 -0.8493
390 	 -0.8756 	 -0.8493
400 	 -0.9289 	 -0.8494
410 	 -0.9200 	 -0.8495
420 	 -0.9378 	 -0.8497
430 	 -0.8578 	 -0.8497
440 	 -0.9289 	 -0.8498
450 	 -0.8489 	 -0.8498
460 	 -0.8400 	 -0.8498
470 	 -0.9289 	 -0.8499
480 	 -0.9556 	 -0.8501
490 	 -0.8667 	 -0.8501
500 	 -0.8044 	 -0.8500
510 	 -0.8311 	 -0.8500
520 	 -0.8844 	 -0.8501
530 	 -0.7956 	 -0.8500
540 	 -0.9467 	 -0.8501
550 	 -0.7600 	 -0.8500
560 	 -0.9289 	 -0.8501
570 	 -0.8222 	 -0.8501
580 	 -0.8578 	 -0.8501
590 	 -0.9200 	 -0.8502
600 	 -0.9289 	 -0.8503
610 	 -0.7956 	 -0.8502
620 	 -0.5289 	 -0.8497
630 	 -0.4044 	 -0.8491
640 	 -0.5200 	 -0.8486
650 	 -0.7067 	 -0.8484
660 	 -0.4933 	 -0.8478
670 	 -0.8133 	 -0.8478
680 	 -0.9378 	 -0.8479
690 	 -0.8933 	 -0.8480
700 	 -0.9111 	 -0.8481
710 	 -0.9111 	 -0.8482
720 	 -0.7333 	 -0.8480
730 	 -0.9111 	 -0.8481
740 	 -0.8578 	 -0.8481
750 	 -0.7156 	 -0.8479
760 	 -0.8578 	 -0.8479
770 	 -0.9200 	 -0.8480
780 	 -0.9556 	 -0.8482
790 	 -0.8489 	 -0.8482
800 	 -0.8844 	 -0.8482
810 	 -0.9200 	 -0.8483
820 	 -0.8578 	 -0.8484
830 	 -0.7067 	 -0.8481
840 	 -0.5644 	 -0.8477
850 	 -0.5022 	 -0.8472
860 	 -0.8044 	 -0.8472
870 	 -0.9378 	 -0.8473
880 	 -0.8400 	 -0.8473
890 	 -0.6889 	 -0.8471
900 	 -0.7333 	 -0.8469
910 	 -0.9022 	 -0.8470
920 	 -0.8044 	 -0.8469
930 	 -0.9111 	 -0.8470
940 	 -0.9022 	 -0.8471
950 	 -0.9467 	 -0.8472
960 	 -0.9111 	 -0.8473
970 	 -0.7778 	 -0.8472
980 	 -0.9200 	 -0.8473
990 	 -0.8311 	 -0.8473
1000 	 -0.8578 	 -0.8473
1010 	 -0.9022 	 -0.8474
1020 	 -0.9378 	 -0.8475
1030 	 -0.8844 	 -0.8476
1040 	 -0.9200 	 -0.8477
1050 	 -0.8489 	 -0.8477
1060 	 -0.9111 	 -0.8478
1070 	 -0.8933 	 -0.8478
1080 	 -0.8756 	 -0.8479
1090 	 -0.8133 	 -0.8478
1100 	 -0.9022 	 -0.8479
1110 	 -0.9111 	 -0.8480
1120 	 -0.9289 	 -0.8481
1130 	 -0.9289 	 -0.8482
1140 	 -0.9111 	 -0.8483
1150 	 -0.8756 	 -0.8483
1160 	 -0.8400 	 -0.8483
1170 	 -0.8667 	 -0.8484
1180 	 -0.8756 	 -0.8484
1190 	 -0.8578 	 -0.8484
1200 	 -0.7511 	 -0.8483
1210 	 -0.9200 	 -0.8484
1220 	 -0.9111 	 -0.8485
1230 	 -0.8667 	 -0.8485
1240 	 -0.9022 	 -0.8486
1250 	 -0.8933 	 -0.8486
1260 	 -0.8400 	 -0.8486
1270 	 -0.7067 	 -0.8484
1280 	 -0.9378 	 -0.8485
1290 	 -0.8400 	 -0.8485
1300 	 -0.9200 	 -0.8486
1310 	 -0.9200 	 -0.8487
1320 	 -0.9111 	 -0.8488
1330 	 -0.9467 	 -0.8489
1340 	 -0.9467 	 -0.8491
1350 	 -0.9022 	 -0.8491
1360 	 -0.8756 	 -0.8492
1370 	 -0.9200 	 -0.8493
1380 	 -0.8667 	 -0.8493
1390 	 -0.7956 	 -0.8492
1400 	 -0.9022 	 -0.8493
1410 	 -0.9111 	 -0.8494
1420 	 -0.9822 	 -0.8496
1430 	 -0.9111 	 -0.8496
1440 	 -0.9733 	 -0.8498
1450 	 -0.8400 	 -0.8498
1460 	 -0.8133 	 -0.8497
1470 	 -0.6711 	 -0.8495
1480 	 -0.7511 	 -0.8494
1490 	 -0.8044 	 -0.8493
1500 	 -0.9022 	 -0.8494
1510 	 -0.8667 	 -0.8494
1520 	 -0.9289 	 -0.8495
1530 	 -0.9556 	 -0.8497
1540 	 -0.7511 	 -0.8495
1550 	 -0.8133 	 -0.8495
1560 	 -0.9644 	 -0.8496
1570 	 -0.8756 	 -0.8497
1580 	 -0.7511 	 -0.8495
1590 	 -0.8667 	 -0.8496
1600 	 -0.9289 	 -0.8497
1610 	 -0.8756 	 -0.8497
1620 	 -0.8756 	 -0.8497
1630 	 -0.8133 	 -0.8497
1640 	 -0.7511 	 -0.8496
1650 	 -0.8667 	 -0.8496
1660 	 -0.7867 	 -0.8495
1670 	 -0.8756 	 -0.8495
1680 	 -0.9467 	 -0.8497
1690 	 -0.6178 	 -0.8494
1700 	 -0.3689 	 -0.8487
1710 	 -0.7600 	 -0.8486
1720 	 -0.7333 	 -0.8485
1730 	 -0.8400 	 -0.8485
1740 	 -0.8578 	 -0.8485
1750 	 -0.7867 	 -0.8484
1760 	 -0.9556 	 -0.8485
1770 	 -0.8844 	 -0.8486
1780 	 -0.9200 	 -0.8487
1790 	 -0.9111 	 -0.8487
1800 	 -0.9378 	 -0.8489
1810 	 -0.8756 	 -0.8489
1820 	 -0.8756 	 -0.8489
1830 	 -0.8489 	 -0.8489
1840 	 -0.8933 	 -0.8490
1850 	 -0.8400 	 -0.8490
1860 	 -0.8222 	 -0.8489
1870 	 -0.9467 	 -0.8491
1880 	 -0.8489 	 -0.8491
1890 	 -0.8667 	 -0.8491
1900 	 -0.8044 	 -0.8490
1910 	 -0.9289 	 -0.8491
1920 	 -0.9022 	 -0.8492
1930 	 -0.9111 	 -0.8493
1940 	 -0.9289 	 -0.8494
1950 	 -0.7600 	 -0.8493
1960 	 -0.7156 	 -0.8491
1970 	 -0.8667 	 -0.8491
1980 	 -0.7333 	 -0.8490
1990 	 -0.8222 	 -0.8489
2000 	 -0.7778 	 -0.8488
2010 	 -0.8844 	 -0.8489
2020 	 -0.8933 	 -0.8489
2030 	 -0.8133 	 -0.8489
2040 	 -0.9022 	 -0.8490
2050 	 -0.9467 	 -0.8491
2060 	 -0.8844 	 -0.8491
2070 	 -0.7778 	 -0.8490
2080 	 -0.7067 	 -0.8489
2090 	 -0.7689 	 -0.8488
2100 	 -0.7600 	 -0.8487
2110 	 -0.9556 	 -0.8488
2120 	 -0.9822 	 -0.8490
2130 	 -0.9556 	 -0.8491
2140 	 -0.8222 	 -0.8491
2150 	 -0.8667 	 -0.8491
2160 	 -0.9378 	 -0.8492
2170 	 -0.9022 	 -0.8492
2180 	 -0.8311 	 -0.8492
2190 	 -0.9556 	 -0.8494
2200 	 -0.9378 	 -0.8495
2210 	 -0.7422 	 -0.8493
2220 	 -0.9111 	 -0.8494
2230 	 -0.9200 	 -0.8495
2240 	 -0.8222 	 -0.8495
2250 	 -0.7956 	 -0.8494
2260 	 -0.7422 	 -0.8493
2270 	 -0.8933 	 -0.8493
2280 	 -0.9022 	 -0.8494
2290 	 -0.8222 	 -0.8494
2300 	 -0.8933 	 -0.8494
2310 	 -0.7422 	 -0.8493
2320 	 -0.8044 	 -0.8492
2330 	 -0.8133 	 -0.8492
2340 	 -0.8844 	 -0.8492
2350 	 -0.9644 	 -0.8494
2360 	 -0.7333 	 -0.8492
2370 	 -0.8222 	 -0.8492
2380 	 -0.7689 	 -0.8491
2390 	 -0.8044 	 -0.8490
2400 	 -0.9200 	 -0.8491
2410 	 -0.8400 	 -0.8491
2420 	 -0.9022 	 -0.8492
2430 	 -0.8133 	 -0.8491
2440 	 -0.6622 	 -0.8489
2450 	 -0.8667 	 -0.8489
2460 	 -0.9289 	 -0.8490
2470 	 -0.9022 	 -0.8491
2480 	 -0.9467 	 -0.8492
2490 	 -0.8756 	 -0.8492
2500 	 -0.8400 	 -0.8492
2510 	 -0.9467 	 -0.8493
2520 	 -0.8756 	 -0.8494
2530 	 -0.8844 	 -0.8494
2540 	 -0.9111 	 -0.8495
2550 	 -0.9378 	 -0.8496
2560 	 -0.8578 	 -0.8496
2570 	 -0.9200 	 -0.8497
2580 	 -0.7956 	 -0.8496
2590 	 -0.8400 	 -0.8496
2600 	 -0.9200 	 -0.8497
2610 	 -0.8489 	 -0.8497
2620 	 -0.9200 	 -0.8498
2630 	 -0.8844 	 -0.8498
2640 	 -0.8311 	 -0.8498
2650 	 -0.8844 	 -0.8498
2660 	 -0.8489 	 -0.8498
2670 	 -0.7067 	 -0.8497
2680 	 -0.7778 	 -0.8496
2690 	 -0.9022 	 -0.8496
2700 	 -0.8044 	 -0.8496
2710 	 -0.8400 	 -0.8496
2720 	 -0.8578 	 -0.8496
2730 	 -0.7867 	 -0.8495
2740 	 -0.9556 	 -0.8496
2750 	 -0.8933 	 -0.8497
2760 	 -0.8222 	 -0.8497
2770 	 -0.9289 	 -0.8497
2780 	 -0.9022 	 -0.8498
2790 	 -0.8222 	 -0.8498
2800 	 -0.7244 	 -0.8496
2810 	 -0.7244 	 -0.8495
2820 	 -0.8578 	 -0.8495
2830 	 -0.8489 	 -0.8495
2840 	 -0.9467 	 -0.8496
2850 	 -0.7600 	 -0.8495
2860 	 -0.8222 	 -0.8495
2870 	 -0.9378 	 -0.8496
2880 	 -0.9378 	 -0.8497
2890 	 -0.8489 	 -0.8497
2900 	 -0.9111 	 -0.8497
2910 	 -0.8933 	 -0.8498
2920 	 -0.9111 	 -0.8499
2930 	 -0.8578 	 -0.8499
2940 	 -0.8400 	 -0.8499
2950 	 -0.8578 	 -0.8499
2960 	 -0.6889 	 -0.8497
2970 	 -0.9289 	 -0.8498
2980 	 -0.9200 	 -0.8499
2990 	 -0.7956 	 -0.8498
<M> = -0.8498 	 with sampling error = 0.00006343 	 and Var(M) = 0.00036214 
MC simulation
T = 2.20 h = -0.02 J = 1.00
Nx = 15 by Nx = 15
Nsweeps = 3000 and Nsamp = 10

Step 	 M 		 <M>
0 	 -1.0000 	 -1.0000
10 	 -0.8133 	 -0.8498
20 	 -0.8756 	 -0.8498
30 	 -0.8400 	 -0.8498
40 	 -0.8311 	 -0.8497
50 	 -0.8844 	 -0.8498
60 	 -0.8933 	 -0.8498
70 	 -0.8044 	 -0.8498
80 	 -0.8222 	 -0.8498
90 	 -0.7511 	 -0.8496
100 	 -0.9022 	 -0.8497
110 	 -0.8756 	 -0.8497
120 	 -0.8756 	 -0.8498
130 	 -0.9378 	 -0.8499
140 	 -0.8756 	 -0.8499
150 	 -0.8222 	 -0.8499
160 	 -0.9467 	 -0.8500
170 	 -0.9378 	 -0.8501
180 	 -0.9467 	 -0.8502
190 	 -0.8844 	 -0.8502
200 	 -0.6000 	 -0.8499
210 	 -0.8222 	 -0.8499
220 	 -0.7422 	 -0.8498
230 	 -0.7778 	 -0.8497
240 	 -0.9022 	 -0.8498
250 	 -0.8044 	 -0.8497
260 	 -0.8933 	 -0.8498
270 	 -0.8933 	 -0.8498
280 	 -0.9378 	 -0.8499
290 	 -0.8578 	 -0.8499
300 	 -0.7244 	 -0.8498
310 	 -0.8311 	 -0.8498
320 	 -0.8667 	 -0.8498
330 	 -0.8400 	 -0.8498
340 	 -0.9022 	 -0.8498
350 	 -0.8844 	 -0.8499
360 	 -0.8756 	 -0.8499
370 	 -0.7067 	 -0.8497
380 	 -0.3867 	 -0.8492
390 	 -0.5111 	 -0.8489
400 	 -0.6356 	 -0.8486
410 	 -0.8489 	 -0.8486
420 	 -0.3956 	 -0.8482
430 	 -0.4489 	 -0.8477
440 	 -0.3244 	 -0.8472
450 	 -0.5289 	 -0.8468
460 	 -0.4489 	 -0.8464
470 	 -0.8044 	 -0.8464
480 	 -0.7422 	 -0.8463
490 	 -0.8311 	 -0.8462
500 	 -0.8222 	 -0.8462
510 	 -0.8222 	 -0.8462
520 	 -0.9378 	 -0.8463
530 	 -0.8311 	 -0.8463
540 	 -0.8667 	 -0.8463
550 	 -0.8933 	 -0.8463
560 	 -0.9556 	 -0.8465
570 	 -0.8933 	 -0.8465
580 	 -0.9022 	 -0.8466
590 	 -0.9644 	 -0.8467
600 	 -0.9111 	 -0.8468
610 	 -0.9289 	 -0.8468
620 	 -0.9289 	 -0.8469
630 	 -0.8222 	 -0.8469
640 	 -0.8756 	 -0.8469
650 	 -0.7333 	 -0.8468
660 	 -0.8578 	 -0.8468
670 	 -0.7956 	 -0.8468
680 	 -0.8933 	 -0.8468
690 	 -0.8667 	 -0.8468
700 	 -0.8756 	 -0.8469
710 	 -0.7067 	 -0.8467
720 	 -0.6711 	 -0.8465
730 	 -0.8933 	 -0.8466
740 	 -0.8311 	 -0.8466
750 	 -0.8756 	 -0.8466
760 	 -0.9467 	 -0.8467
770 	 -0.8667 	 -0.8467
780 	 -0.7511 	 -0.8466
790 	 -0.9378 	 -0.8467
800 	 -0.9467 	 -0.8468
810 	 -0.9022 	 -0.8469
820 	 -0.7778 	 -0.8468
830 	 -0.7511 	 -0.8467
840 	 -0.6711 	 -0.8465
850 	 -0.7333 	 -0.8464
860 	 -0.7333 	 -0.8463
870 	 -0.8667 	 -0.8463
880 	 -0.9289 	 -0.8464
890 	 -0.8933 	 -0.8465
900 	 -0.9289 	 -0.8465
910 	 -0.8844 	 -0.8466
920 	 -0.8311 	 -0.8466
930 	 -0.9022 	 -0.8466
940 	 -0.8578 	 -0.8466
950 	 -0.8933 	 -0.8467
960 	 -0.7778 	 -0.8466
970 	 -0.8489 	 -0.8466
980 	 -0.8933 	 -0.8467
990 	 -0.8044 	 -0.8466
1000 	 -0.9200 	 -0.8467
1010 	 -0.9022 	 -0.8468
1020 	 -0.8044 	 -0.8467
1030 	 -0.8400 	 -0.8467
1040 	 -0.8133 	 -0.8467
1050 	 -0.8756 	 -0.8467
1060 	 -0.7689 	 -0.8466
1070 	 -0.8133 	 -0.8466
1080 	 -0.8489 	 -0.8466
1090 	 -0.8844 	 -0.8466
1100 	 -0.9111 	 -0.8467
1110 	 -0.8489 	 -0.8467
1120 	 -0.8756 	 -0.8467
1130 	 -0.9022 	 -0.8468
1140 	 -0.8489 	 -0.8468
1150 	 -0.7956 	 -0.8467
1160 	 -0.8578 	 -0.8467
1170 	 -0.9200 	 -0.8468
1180 	 -0.8667 	 -0.8468
1190 	 -0.8489 	 -0.8468
1200 	 -0.9022 	 -0.8469
1210 	 -0.8489 	 -0.8469
1220 	 -0.7778 	 -0.8468
1230 	 -0.8311 	 -0.8468
1240 	 -0.9289 	 -0.8469
1250 	 -0.9378 	 -0.8470
1260 	 -0.8578 	 -0.8470
1270 	 -0.9378 	 -0.8471
1280 	 -0.6711 	 -0.8469
1290 	 -0.9378 	 -0.8470
1300 	 -0.8667 	 -0.8470
1310 	 -0.9289 	 -0.8471
1320 	 -0.8578 	 -0.8471
1330 	 -0.9733 	 -0.8472
1340 	 -0.8489 	 -0.8472
1350 	 -0.8222 	 -0.8472
1360 	 -0.8667 	 -0.8472
1370 	 -0.6978 	 -0.8471
1380 	 -0.6533 	 -0.8469
1390 	 -0.7067 	 -0.8468
1400 	 -0.8844 	 -0.8468
1410 	 -0.9200 	 -0.8469
1420 	 -0.8756 	 -0.8469
1430 	 -0.7333 	 -0.8468
1440 	 -0.8667 	 -0.8468
1450 	 -0.8933 	 -0.8468
1460 	 -0.8756 	 -0.8469
1470 	 -0.9289 	 -0.8469
1480 	 -0.9200 	 -0.8470
1490 	 -0.9111 	 -0.8471
1500 	 -0.9644 	 -0.8472
1510 	 -0.9289 	 -0.8473
1520 	 -0.8844 	 -0.8473
1530 	 -0.8667 	 -0.8473
1540 	 -0.8489 	 -0.8473
1550 	 -0.8578 	 -0.8473
1560 	 -0.8933 	 -0.8474
1570 	 -0.9822 	 -0.8475
1580 	 -0.9467 	 -0.8476
1590 	 -0.5911 	 -0.8474
1600 	 -0.9022 	 -0.8474
1610 	 -0.9111 	 -0.8475
1620 	 -0.8667 	 -0.8475
1630 	 -0.8222 	 -0.8475
1640 	 -0.8222 	 -0.8474
1650 	 -0.8133 	 -0.8474
1660 	 -0.9378 	 -0.8475
1670 	 -0.9467 	 -0.8476
1680 	 -0.8844 	 -0.8476
1690 	 -0.9467 	 -0.8477
1700 	 -0.9111 	 -0.8478
1710 	 -0.6622 	 -0.8476
1720 	 -0.5911 	 -0.8474
1730 	 -0.7511 	 -0.8473
1740 	 -0.8489 	 -0.8473
1750 	 -0.8933 	 -0.8473
1760 	 -0.9378 	 -0.8474
1770 	 -0.8933 	 -0.8474
1780 	 -0.9022 	 -0.8475
1790 	 -0.9378 	 -0.8476
1800 	 -0.6533 	 -0.8474
1810 	 -0.7689 	 -0.8473
1820 	 -0.7956 	 -0.8473
1830 	 -0.8667 	 -0.8473
1840 	 -0.8489 	 -0.8473
1850 	 -0.9200 	 -0.8474
1860 	 -0.9022 	 -0.8474
1870 	 -0.9378 	 -0.8475
1880 	 -0.8756 	 -0.8475
1890 	 -0.7689 	 -0.8474
1900 	 -0.8400 	 -0.8474
1910 	 -0.8756 	 -0.8475
1920 	 -0.8844 	 -0.8475
1930 	 -0.7867 	 -0.8474
1940 	 -0.8400 	 -0.8474
1950 	 -0.9378 	 -0.8475
1960 	 -0.8311 	 -0.8475
1970 	 -0.8133 	 -0.8475
1980 	 -0.8844 	 -0.8475
1990 	 -0.8311 	 -0.8475
2000 	 -0.7956 	 -0.8474
2010 	 -0.8933 	 -0.8475
2020 	 -0.7422 	 -0.8474
2030 	 -0.6711 	 -0.8472
2040 	 -0.7600 	 -0.8472
2050 	 -0.8489 	 -0.8472
2060 	 -0.8578 	 -0.8472
2070 	 -0.9022 	 -0.8472
2080 	 -0.8044 	 -0.8472
2090 	 -0.8400 	 -0.8472
2100 	 -0.8489 	 -0.8472
2110 	 -0.7333 	 -0.8471
2120 	 -0.8311 	 -0.8471
2130 	 -0.9200 	 -0.8471
2140 	 -0.8933 	 -0.8472
2150 	 -0.8933 	 -0.8472
2160 	 -0.9378 	 -0.8473
2170 	 -0.8756 	 -0.8473
2180 	 -0.8756 	 -0.8473
2190 	 -0.8578 	 -0.8473
2200 	 -0.7867 	 -0.8473
2210 	 -0.8933 	 -0.8473
2220 	 -0.9200 	 -0.8474
2230 	 -0.8933 	 -0.8474
2240 	 -0.8222 	 -0.8474
2250 	 -0.7422 	 -0.8473
2260 	 -0.9200 	 -0.8474
2270 	 -0.8400 	 -0.8474
2280 	 -0.9022 	 -0.8474
2290 	 -0.8222 	 -0.8474
2300 	 -0.7689 	 -0.8473
2310 	 -0.8933 	 -0.8474
2320 	 -0.9289 	 -0.8474
2330 	 -0.8222 	 -0.8474
2340 	 -0.9200 	 -0.8475
2350 	 -0.8489 	 -0.8475
2360 	 -0.8400 	 -0.8475
2370 	 -0.8489 	 -0.8475
2380 	 -0.9822 	 -0.8476
2390 	 -0.8667 	 -0.8476
2400 	 -0.9467 	 -0.8477
2410 	 -0.8311 	 -0.8477
2420 	 -0.7867 	 -0.8476
2430 	 -0.7156 	 -0.8475
2440 	 -0.7156 	 -0.8474
2450 	 -0.8044 	 -0.8474
2460 	 -0.7156 	 -0.8473
2470 	 -0.8756 	 -0.8473
2480 	 -0.9111 	 -0.8473
2490 	 -0.8756 	 -0.8474
2500 	 -0.7244 	 -0.8473
2510 	 -0.9378 	 -0.8473
2520 	 -0.8311 	 -0.8473
2530 	 -0.9022 	 -0.8474
2540 	 -0.9378 	 -0.8474
2550 	 -0.9022 	 -0.8475
2560 	 -0.9111 	 -0.8475
2570 	 -0.8489 	 -0.8475
2580 	 -0.8222 	 -0.8475
2590 	 -0.9556 	 -0.8476
2600 	 -0.8578 	 -0.8476
2610 	 -0.9378 	 -0.8477
2620 	 -0.9022 	 -0.8478
2630 	 -0.9289 	 -0.8478
2640 	 -0.8578 	 -0.8478
2650 	 -0.8400 	 -0.8478
2660 	 -0.7067 	 -0.8477
2670 	 -0.8756 	 -0.8477
2680 	 -0.9644 	 -0.8478
2690 	 -0.8756 	 -0.8479
2700 	 -0.9289 	 -0.8479
2710 	 -0.7689 	 -0.8479
2720 	 -0.8578 	 -0.8479
2730 	 -0.6622 	 -0.8477
2740 	 -0.5289 	 -0.8474
2750 	 -0.6444 	 -0.8473
2760 	 -0.6889 	 -0.8471
2770 	 -0.9467 	 -0.8472
2780 	 -0.9111 	 -0.8473
2790 	 -0.7867 	 -0.8472
2800 	 -0.8578 	 -0.8472
2810 	 -0.8578 	 -0.8472
2820 	 -0.9200 	 -0.8473
2830 	 -0.8578 	 -0.8473
2840 	 -0.9378 	 -0.8474
2850 	 -0.9644 	 -0.8475
2860 	 -0.7778 	 -0.8474
2870 	 -0.9022 	 -0.8475
2880 	 -0.8044 	 -0.8474
2890 	 -0.9467 	 -0.8475
2900 	 -0.9467 	 -0.8476
2910 	 -0.8933 	 -0.8476
2920 	 -0.9378 	 -0.8477
2930 	 -0.8311 	 -0.8477
2940 	 -0.9467 	 -0.8478
2950 	 -0.6889 	 -0.8476
2960 	 -0.9644 	 -0.8477
2970 	 -0.8578 	 -0.8477
2980 	 -0.8578 	 -0.8478
2990 	 -0.9911 	 -0.8479
<M> = -0.8479 	 with sampling error = 0.00005339 	 and Var(M) = 0.00025654 
MC simulation
T = 2.20 h = -0.01 J = 1.00
Nx = 15 by Nx = 15
Nsweeps = 3000 and Nsamp = 10

Step 	 M 		 <M>
0 	 -1.0000 	 -1.0000
10 	 -0.7600 	 -0.8478
20 	 -0.8933 	 -0.8478
30 	 -0.8667 	 -0.8479
40 	 -0.8933 	 -0.8479
50 	 -0.8578 	 -0.8479
60 	 -0.8489 	 -0.8479
70 	 -0.5644 	 -0.8477
80 	 -0.8578 	 -0.8477
90 	 -0.8844 	 -0.8477
100 	 -0.8311 	 -0.8477
110 	 -0.8222 	 -0.8477
120 	 -0.9200 	 -0.8477
130 	 -0.8133 	 -0.8477
140 	 -0.9289 	 -0.8478
150 	 -0.8578 	 -0.8478
160 	 -0.8756 	 -0.8478
170 	 -0.7867 	 -0.8478
180 	 -0.8400 	 -0.8477
190 	 -0.8844 	 -0.8478
200 	 -0.4756 	 -0.8475
210 	 -0.5822 	 -0.8473
220 	 -0.6622 	 -0.8471
230 	 -0.5556 	 -0.8469
240 	 -0.6533 	 -0.8467
250 	 -0.8667 	 -0.8467
260 	 -0.8400 	 -0.8467
270 	 -0.9200 	 -0.8468
280 	 -0.8222 	 -0.8468
290 	 -0.6444 	 -0.8466
300 	 -0.8933 	 -0.8466
310 	 -0.7956 	 -0.8466
320 	 -0.7067 	 -0.8465
330 	 -0.4489 	 -0.8461
340 	 -0.6089 	 -0.8460
350 	 -0.9200 	 -0.8460
360 	 -0.7600 	 -0.8459
370 	 -0.9200 	 -0.8460
380 	 -0.8311 	 -0.8460
390 	 -0.8489 	 -0.8460
400 	 -0.9733 	 -0.8461
410 	 -0.9022 	 -0.8461
420 	 -0.9289 	 -0.8462
430 	 -0.7511 	 -0.8461
440 	 -0.0133 	 -0.8455
450 	 0.0489 	 -0.8447
460 	 -0.1200 	 -0.8442
470 	 -0.0400 	 -0.8435
480 	 0.1467 	 -0.8427
490 	 -0.1911 	 -0.8422
500 	 -0.3333 	 -0.8418
510 	 -0.4222 	 -0.8414
520 	 -0.3067 	 -0.8410
530 	 -0.4756 	 -0.8407
540 	 -0.3333 	 -0.8403
550 	 -0.2711 	 -0.8399
560 	 -0.0044 	 -0.8392
570 	 0.1911 	 -0.8384
580 	 0.2356 	 -0.8375
590 	 0.4311 	 -0.8365
600 	 0.3067 	 -0.8356
610 	 0.4133 	 -0.8346
620 	 0.3956 	 -0.8336
630 	 0.3244 	 -0.8327
640 	 0.5022 	 -0.8316
650 	 0.7244 	 -0.8304
660 	 0.8133 	 -0.8291
670 	 0.7956 	 -0.8278
680 	 0.7244 	 -0.8266
690 	 0.6622 	 -0.8254
700 	 0.6178 	 -0.8243
710 	 0.7422 	 -0.8230
720 	 0.8311 	 -0.8217
730 	 0.8489 	 -0.8204
740 	 0.8933 	 -0.8191
750 	 0.9111 	 -0.8177
760 	 0.9200 	 -0.8163
770 	 0.8933 	 -0.8150
780 	 0.8578 	 -0.8137
790 	 0.5111 	 -0.8127
800 	 0.7333 	 -0.8114
810 	 0.7333 	 -0.8102
820 	 0.7600 	 -0.8090
830 	 0.6089 	 -0.8079
840 	 0.4578 	 -0.8069
850 	 0.7511 	 -0.8057
860 	 0.8222 	 -0.8044
870 	 0.8311 	 -0.8031
880 	 0.8667 	 -0.8018
890 	 0.9467 	 -0.8005
900 	 0.8844 	 -0.7992
910 	 0.8756 	 -0.7979
920 	 0.6711 	 -0.7967
930 	 0.9022 	 -0.7954
940 	 0.7600 	 -0.7942
950 	 0.7600 	 -0.7930
960 	 0.8222 	 -0.7918
970 	 0.9111 	 -0.7904
980 	 0.8489 	 -0.7892
990 	 0.8133 	 -0.7879
1000 	 0.8667 	 -0.7867
1010 	 0.8667 	 -0.7854
1020 	 0.8578 	 -0.7841
1030 	 0.9111 	 -0.7828
1040 	 0.8311 	 -0.7816
1050 	 0.8044 	 -0.7803
1060 	 0.7689 	 -0.7792
1070 	 0.9111 	 -0.7779
1080 	 0.8133 	 -0.7766
1090 	 0.8844 	 -0.7754
1100 	 0.8844 	 -0.7741
1110 	 0.8044 	 -0.7729
1120 	 0.9467 	 -0.7716
1130 	 0.8667 	 -0.7703
1140 	 0.9111 	 -0.7690
1150 	 0.7600 	 -0.7679
1160 	 0.8844 	 -0.7666
1170 	 0.7867 	 -0.7654
1180 	 0.8844 	 -0.7642
1190 	 0.7511 	 -0.7630
1200 	 0.8222 	 -0.7618
1210 	 0.8756 	 -0.7606
1220 	 0.8756 	 -0.7593
1230 	 0.8311 	 -0.7581
1240 	 0.7422 	 -0.7570
1250 	 0.7778 	 -0.7558
1260 	 0.8311 	 -0.7546
1270 	 0.9378 	 -0.7533
1280 	 0.9200 	 -0.7521
1290 	 0.8756 	 -0.7509
1300 	 0.8489 	 -0.7496
1310 	 0.6000 	 -0.7486
1320 	 0.1200 	 -0.7480
1330 	 0.0756 	 -0.7474
1340 	 -0.2267 	 -0.7470
1350 	 -0.4667 	 -0.7468
1360 	 -0.7333 	 -0.7467
1370 	 -0.5378 	 -0.7466
1380 	 -0.7156 	 -0.7466
1390 	 -0.8311 	 -0.7466
1400 	 -0.8400 	 -0.7467
1410 	 -0.8844 	 -0.7468
1420 	 -0.9200 	 -0.7469
1430 	 -0.8578 	 -0.7470
1440 	 -0.9022 	 -0.7471
1450 	 -0.8311 	 -0.7472
1460 	 -0.8311 	 -0.7473
1470 	 -0.7867 	 -0.7473
1480 	 -0.8844 	 -0.7474
1490 	 -0.8222 	 -0.7474
1500 	 -0.6978 	 -0.7474
1510 	 -0.7333 	 -0.7474
1520 	 -0.7600 	 -0.7474
1530 	 -0.6178 	 -0.7473
1540 	 -0.5200 	 -0.7471
1550 	 -0.9467 	 -0.7473
1560 	 -0.9200 	 -0.7474
1570 	 -0.8844 	 -0.7475
1580 	 -0.7067 	 -0.7475
1590 	 -0.8933 	 -0.7476
1600 	 -0.8400 	 -0.7477
1610 	 -0.8578 	 -0.7477
1620 	 -0.8489 	 -0.7478
1630 	 -0.7511 	 -0.7478
1640 	 -0.8933 	 -0.7479
1650 	 -0.8311 	 -0.7480
1660 	 -0.9556 	 -0.7481
1670 	 -0.8489 	 -0.7482
1680 	 -0.6800 	 -0.7482
1690 	 -0.6978 	 -0.7481
1700 	 -0.5556 	 -0.7480
1710 	 -0.8489 	 -0.7481
1720 	 -0.7244 	 -0.7480
1730 	 -0.6533 	 -0.7480
1740 	 -0.6089 	 -0.7479
1750 	 -0.8667 	 -0.7480
1760 	 -0.8933 	 -0.7481
1770 	 -0.9200 	 -0.7482
1780 	 -0.9289 	 -0.7483
1790 	 -0.8933 	 -0.7484
1800 	 -0.7244 	 -0.7484
1810 	 -0.8933 	 -0.7485
1820 	 -0.7156 	 -0.7485
1830 	 -0.7867 	 -0.7485
1840 	 -0.5467 	 -0.7484
1850 	 -0.6978 	 -0.7483
1860 	 -0.8133 	 -0.7484
1870 	 -0.7333 	 -0.7484
1880 	 -0.7956 	 -0.7484
1890 	 -0.7422 	 -0.7484
1900 	 -0.7333 	 -0.7484
1910 	 -0.9378 	 -0.7485
1920 	 -0.7600 	 -0.7485
1930 	 -0.8311 	 -0.7486
1940 	 -0.8400 	 -0.7487
1950 	 -0.6978 	 -0.7486
1960 	 -0.8756 	 -0.7487
1970 	 -0.8044 	 -0.7488
1980 	 -0.8311 	 -0.7488
1990 	 -0.8756 	 -0.7489
2000 	 -0.9289 	 -0.7490
2010 	 -0.9200 	 -0.7492
2020 	 -0.8578 	 -0.7492
2030 	 -0.8311 	 -0.7493
2040 	 -0.6711 	 -0.7492
2050 	 -0.5378 	 -0.7491
2060 	 -0.6267 	 -0.7490
2070 	 -0.6267 	 -0.7489
2080 	 -0.6356 	 -0.7488
2090 	 -0.2800 	 -0.7485
2100 	 -0.3867 	 -0.7482
2110 	 -0.2889 	 -0.7479
2120 	 -0.5111 	 -0.7477
2130 	 -0.2089 	 -0.7474
2140 	 -0.5644 	 -0.7472
2150 	 -0.8489 	 -0.7473
2160 	 -0.7867 	 -0.7473
2170 	 -0.8844 	 -0.7474
2180 	 -0.9467 	 -0.7476
2190 	 -0.8844 	 -0.7477
2200 	 -0.9378 	 -0.7478
2210 	 -0.7067 	 -0.7478
2220 	 -0.6622 	 -0.7477
2230 	 -0.8044 	 -0.7478
2240 	 -0.7956 	 -0.7478
2250 	 -0.8133 	 -0.7478
2260 	 -0.8844 	 -0.7479
2270 	 -0.8133 	 -0.7480
2280 	 -0.8578 	 -0.7481
2290 	 -0.8133 	 -0.7481
2300 	 -0.8667 	 -0.7482
2310 	 -0.9111 	 -0.7483
2320 	 -0.6889 	 -0.7483
2330 	 -0.8667 	 -0.7483
2340 	 -0.8933 	 -0.7484
2350 	 -0.8311 	 -0.7485
2360 	 -0.8844 	 -0.7486
2370 	 -0.8400 	 -0.7487
2380 	 -0.8844 	 -0.7487
2390 	 -0.8489 	 -0.7488
2400 	 -0.5022 	 -0.7486
2410 	 -0.7778 	 -0.7487
2420 	 -0.8133 	 -0.7487
2430 	 -0.7600 	 -0.7487
2440 	 -0.9200 	 -0.7488
2450 	 -0.7689 	 -0.7489
2460 	 -0.8311 	 -0.7489
2470 	 -0.9111 	 -0.7490
2480 	 -0.8578 	 -0.7491
2490 	 -0.7333 	 -0.7491
2500 	 -0.8044 	 -0.7491
2510 	 -0.7422 	 -0.7491
2520 	 -0.8667 	 -0.7492
2530 	 -0.8489 	 -0.7493
2540 	 -0.9200 	 -0.7494
2550 	 -0.8756 	 -0.7495
2560 	 -0.9467 	 -0.7496
2570 	 -0.8133 	 -0.7497
2580 	 -0.7067 	 -0.7496
2590 	 -0.6000 	 -0.7495
2600 	 -0.6000 	 -0.7494
2610 	 -0.6533 	 -0.7494
2620 	 -0.5467 	 -0.7492
2630 	 -0.6800 	 -0.7492
2640 	 -0.8489 	 -0.7492
2650 	 -0.8133 	 -0.7493
2660 	 -0.9467 	 -0.7494
2670 	 -0.6622 	 -0.7494
2680 	 -0.5911 	 -0.7492
2690 	 -0.7156 	 -0.7492
2700 	 -0.7867 	 -0.7492
2710 	 -0.8133 	 -0.7493
2720 	 -0.8933 	 -0.7494
2730 	 -0.8400 	 -0.7495
2740 	 -0.9289 	 -0.7496
2750 	 -0.9289 	 -0.7497
2760 	 -0.9200 	 -0.7498
2770 	 -0.9289 	 -0.7499
2780 	 -0.8578 	 -0.7500
2790 	 -0.8133 	 -0.7501
2800 	 -0.8489 	 -0.7501
2810 	 -0.8933 	 -0.7502
2820 	 -0.8844 	 -0.7503
2830 	 -0.9289 	 -0.7504
2840 	 -0.8578 	 -0.7505
2850 	 -0.9289 	 -0.7506
2860 	 -0.9289 	 -0.7507
2870 	 -0.8844 	 -0.7508
2880 	 -0.8489 	 -0.7509
2890 	 -0.8133 	 -0.7509
2900 	 -0.9467 	 -0.7511
2910 	 -0.7956 	 -0.7511
2920 	 -0.8489 	 -0.7512
2930 	 -0.9200 	 -0.7513
2940 	 -0.7244 	 -0.7513
2950 	 -0.8578 	 -0.7513
2960 	 -0.8400 	 -0.7514
2970 	 -0.7422 	 -0.7514
2980 	 -0.7689 	 -0.7514
2990 	 -0.8844 	 -0.7515
<M> = -0.7515 	 with sampling error = 0.00029019 	 and Var(M) = 0.00757888 
MC simulation
T = 2.20 h = 0.00 J = 1.00
Nx = 15 by Nx = 15
Nsweeps = 3000 and Nsamp = 10

Step 	 M 		 <M>
0 	 -1.0000 	 -1.0000
10 	 -0.9467 	 -0.7516
20 	 -0.8844 	 -0.7517
30 	 -0.6444 	 -0.7516
40 	 -0.6800 	 -0.7516
50 	 -0.4756 	 -0.7514
60 	 -0.5467 	 -0.7513
70 	 -0.5644 	 -0.7511
80 	 -0.8667 	 -0.7512
90 	 -0.9022 	 -0.7513
100 	 -0.7867 	 -0.7513
110 	 -0.8756 	 -0.7514
120 	 -0.9200 	 -0.7515
130 	 -0.9289 	 -0.7517
140 	 -0.9200 	 -0.7518
150 	 -0.9467 	 -0.7519
160 	 -0.9022 	 -0.7520
170 	 -0.8844 	 -0.7521
180 	 -0.8133 	 -0.7521
190 	 -0.8133 	 -0.7522
200 	 -0.8844 	 -0.7522
210 	 -0.7956 	 -0.7523
220 	 -0.6356 	 -0.7522
230 	 -0.0489 	 -0.7517
240 	 -0.1022 	 -0.7513
250 	 -0.0756 	 -0.7509
260 	 -0.1644 	 -0.7505
270 	 -0.3689 	 -0.7502
280 	 -0.3511 	 -0.7500
290 	 -0.3778 	 -0.7497
300 	 -0.3333 	 -0.7494
310 	 -0.3244 	 -0.7492
320 	 -0.3511 	 -0.7489
330 	 -0.6978 	 -0.7489
340 	 -0.6889 	 -0.7488
350 	 -0.9200 	 -0.7489
360 	 -0.9733 	 -0.7491
370 	 -0.8044 	 -0.7491
380 	 -0.7867 	 -0.7492
390 	 -0.7689 	 -0.7492
400 	 -0.6267 	 -0.7491
410 	 -0.8667 	 -0.7492
420 	 -0.8489 	 -0.7492
430 	 -0.8400 	 -0.7493
440 	 -0.9022 	 -0.7494
450 	 -0.9022 	 -0.7495
460 	 -0.9644 	 -0.7496
470 	 -0.8578 	 -0.7497
480 	 -0.8667 	 -0.7498
490 	 -0.9200 	 -0.7499
500 	 -0.9022 	 -0.7500
510 	 -0.8756 	 -0.7501
520 	 -0.9378 	 -0.7502
530 	 -0.8756 	 -0.7503
540 	 -0.9022 	 -0.7504
550 	 -0.8044 	 -0.7504
560 	 -0.8044 	 -0.7504
570 	 -0.9111 	 -0.7505
580 	 -0.6178 	 -0.7505
590 	 -0.8222 	 -0.7505
600 	 -0.8044 	 -0.7505
610 	 -0.9111 	 -0.7506
620 	 -0.8578 	 -0.7507
630 	 -0.8756 	 -0.7508
640 	 -0.7333 	 -0.7508
650 	 -0.4933 	 -0.7506
660 	 -0.8133 	 -0.7506
670 	 -0.7600 	 -0.7507
680 	 -0.8756 	 -0.7507
690 	 -0.8844 	 -0.7508
700 	 -0.5289 	 -0.7507
710 	 -0.9111 	 -0.7508
720 	 -0.7156 	 -0.7508
730 	 -0.8756 	 -0.7508
740 	 -0.8933 	 -0.7509
750 	 -0.6800 	 -0.7509
760 	 -0.6533 	 -0.7508
770 	 -0.7067 	 -0.7508
780 	 -0.6622 	 -0.7507
790 	 -0.9111 	 -0.7508
800 	 -0.8400 	 -0.7509
810 	 -0.8222 	 -0.7509
820 	 -0.7867 	 -0.7510
830 	 -0.7689 	 -0.7510
840 	 -0.7867 	 -0.7510
850 	 -0.5911 	 -0.7509
860 	 -0.5911 	 -0.7508
870 	 -0.5111 	 -0.7506
880 	 -0.6356 	 -0.7506
890 	 -0.7244 	 -0.7506
900 	 -0.8844 	 -0.7506
910 	 -0.8044 	 -0.7507
920 	 -0.8667 	 -0.7507
930 	 -0.9467 	 -0.7509
940 	 -0.7956 	 -0.7509
950 	 -0.9467 	 -0.7510
960 	 -0.9022 	 -0.7511
970 	 -0.8044 	 -0.7512
980 	 -0.8222 	 -0.7512
990 	 -0.8578 	 -0.7513
1000 	 -0.9022 	 -0.7514
1010 	 -0.8578 	 -0.7514
1020 	 -0.7244 	 -0.7514
1030 	 -0.7778 	 -0.7514
1040 	 -0.8400 	 -0.7515
1050 	 -0.9467 	 -0.7516
1060 	 -0.9289 	 -0.7517
1070 	 -0.7867 	 -0.7517
1080 	 -0.8933 	 -0.7518
1090 	 -0.7956 	 -0.7518
1100 	 -0.8489 	 -0.7519
1110 	 -0.9200 	 -0.7520
1120 	 -0.8667 	 -0.7521
1130 	 -0.7600 	 -0.7521
1140 	 -0.9200 	 -0.7522
1150 	 -0.8667 	 -0.7523
1160 	 -0.8400 	 -0.7523
1170 	 -0.9644 	 -0.7525
1180 	 -0.9111 	 -0.7525
1190 	 -0.8400 	 -0.7526
1200 	 -0.7600 	 -0.7526
1210 	 -0.9111 	 -0.7527
1220 	 -0.9022 	 -0.7528
1230 	 -0.9022 	 -0.7529
1240 	 -0.9022 	 -0.7530
1250 	 -0.8044 	 -0.7530
1260 	 -0.9644 	 -0.7531
1270 	 -0.9022 	 -0.7532
1280 	 -0.8667 	 -0.7533
1290 	 -0.7511 	 -0.7533
1300 	 -0.8844 	 -0.7534
1310 	 -0.9289 	 -0.7535
1320 	 -0.9378 	 -0.7536
1330 	 -0.8400 	 -0.7537
1340 	 -0.8311 	 -0.7537
1350 	 -0.8222 	 -0.7538
1360 	 -0.9111 	 -0.7538
1370 	 -0.8222 	 -0.7539
1380 	 -0.8400 	 -0.7539
1390 	 -0.8844 	 -0.7540
1400 	 -0.8667 	 -0.7541
1410 	 -0.8933 	 -0.7542
1420 	 -0.5733 	 -0.7541
1430 	 -0.8933 	 -0.7542
1440 	 -0.8044 	 -0.7542
1450 	 -0.9378 	 -0.7543
1460 	 -0.8756 	 -0.7544
1470 	 -0.5822 	 -0.7543
1480 	 -0.1911 	 -0.7539
1490 	 -0.4044 	 -0.7537
1500 	 -0.1733 	 -0.7534
1510 	 -0.1822 	 -0.7530
1520 	 -0.4222 	 -0.7528
1530 	 -0.1022 	 -0.7524
1540 	 -0.1022 	 -0.7520
1550 	 -0.0222 	 -0.7516
1560 	 -0.1644 	 -0.7512
1570 	 0.0844 	 -0.7507
1580 	 0.3867 	 -0.7500
1590 	 0.7422 	 -0.7491
1600 	 0.6178 	 -0.7483
1610 	 0.8044 	 -0.7474
1620 	 0.7067 	 -0.7465
1630 	 0.6089 	 -0.7457
1640 	 0.8756 	 -0.7447
1650 	 0.9733 	 -0.7437
1660 	 0.8222 	 -0.7427
1670 	 0.8578 	 -0.7417
1680 	 0.8756 	 -0.7408
1690 	 0.8311 	 -0.7398
1700 	 0.5911 	 -0.7390
1710 	 0.9556 	 -0.7380
1720 	 0.8667 	 -0.7370
1730 	 0.9289 	 -0.7361
1740 	 0.8311 	 -0.7351
1750 	 0.7867 	 -0.7342
1760 	 0.6800 	 -0.7334
1770 	 0.7244 	 -0.7325
1780 	 0.8133 	 -0.7316
1790 	 0.8667 	 -0.7306
1800 	 0.8578 	 -0.7297
1810 	 0.8667 	 -0.7287
1820 	 0.8400 	 -0.7278
1830 	 0.8844 	 -0.7268
1840 	 0.8844 	 -0.7258
1850 	 0.8578 	 -0.7249
1860 	 0.9200 	 -0.7239
1870 	 0.8756 	 -0.7230
1880 	 0.9822 	 -0.7220
1890 	 0.8844 	 -0.7210
1900 	 0.9289 	 -0.7200
1910 	 0.8844 	 -0.7191
1920 	 0.8311 	 -0.7182
1930 	 0.7156 	 -0.7173
1940 	 0.5556 	 -0.7166
1950 	 0.7867 	 -0.7157
1960 	 0.8489 	 -0.7147
1970 	 0.8667 	 -0.7138
1980 	 0.6711 	 -0.7130
1990 	 0.8311 	 -0.7121
2000 	 0.8756 	 -0.7111
2010 	 0.7244 	 -0.7103
2020 	 0.7778 	 -0.7094
2030 	 0.8489 	 -0.7085
2040 	 0.8133 	 -0.7076
2050 	 0.8844 	 -0.7067
2060 	 0.8133 	 -0.7058
2070 	 0.8133 	 -0.7049
2080 	 0.7422 	 -0.7040
2090 	 0.6800 	 -0.7032
2100 	 0.7867 	 -0.7023
2110 	 0.8222 	 -0.7015
2120 	 0.6889 	 -0.7006
2130 	 0.6800 	 -0.6998
2140 	 0.5467 	 -0.6991
2150 	 0.5733 	 -0.6984
2160 	 0.6444 	 -0.6976
2170 	 0.8222 	 -0.6967
2180 	 0.8933 	 -0.6958
2190 	 0.9200 	 -0.6948
2200 	 0.6267 	 -0.6940
2210 	 0.8756 	 -0.6931
2220 	 0.8311 	 -0.6922
2230 	 0.9022 	 -0.6913
2240 	 0.8400 	 -0.6904
2250 	 0.9200 	 -0.6895
2260 	 0.9378 	 -0.6885
2270 	 0.8400 	 -0.6877
2280 	 0.7156 	 -0.6868
2290 	 0.7600 	 -0.6860
2300 	 0.3244 	 -0.6854
2310 	 0.1911 	 -0.6849
2320 	 0.7333 	 -0.6841
2330 	 0.5289 	 -0.6834
2340 	 0.6444 	 -0.6826
2350 	 0.6356 	 -0.6818
2360 	 0.7867 	 -0.6810
2370 	 0.9111 	 -0.6801
2380 	 0.5200 	 -0.6794
2390 	 0.6356 	 -0.6786
2400 	 0.7600 	 -0.6778
2410 	 0.9200 	 -0.6769
2420 	 0.8578 	 -0.6760
2430 	 0.7244 	 -0.6752
2440 	 0.7689 	 -0.6744
2450 	 0.6800 	 -0.6736
2460 	 0.6000 	 -0.6729
2470 	 0.7333 	 -0.6720
2480 	 0.9822 	 -0.6711
2490 	 0.9289 	 -0.6702
2500 	 0.8578 	 -0.6693
2510 	 0.8044 	 -0.6685
2520 	 0.8756 	 -0.6676
2530 	 0.8667 	 -0.6667
2540 	 0.9111 	 -0.6658
2550 	 0.8578 	 -0.6649
2560 	 0.8667 	 -0.6640
2570 	 0.6622 	 -0.6633
2580 	 0.8311 	 -0.6624
2590 	 0.7156 	 -0.6617
2600 	 0.9733 	 -0.6607
2610 	 0.9556 	 -0.6598
2620 	 0.8933 	 -0.6589
2630 	 0.7689 	 -0.6581
2640 	 0.9111 	 -0.6572
2650 	 0.8933 	 -0.6563
2660 	 0.9556 	 -0.6554
2670 	 0.9289 	 -0.6545
2680 	 0.6356 	 -0.6538
2690 	 0.5556 	 -0.6531
2700 	 0.7778 	 -0.6523
2710 	 0.8044 	 -0.6515
2720 	 0.9378 	 -0.6506
2730 	 0.8667 	 -0.6497
2740 	 0.9022 	 -0.6488
2750 	 0.8667 	 -0.6480
2760 	 0.7333 	 -0.6472
2770 	 0.7956 	 -0.6464
2780 	 0.8578 	 -0.6455
2790 	 0.8756 	 -0.6447
2800 	 0.6711 	 -0.6439
2810 	 0.8578 	 -0.6431
2820 	 0.7067 	 -0.6423
2830 	 0.9200 	 -0.6414
2840 	 0.8222 	 -0.6406
2850 	 0.9111 	 -0.6398
2860 	 0.9111 	 -0.6389
2870 	 0.7956 	 -0.6381
2880 	 0.8933 	 -0.6372
2890 	 0.9022 	 -0.6364
2900 	 0.8222 	 -0.6355
2910 	 0.8044 	 -0.6347
2920 	 0.8222 	 -0.6339
2930 	 0.8667 	 -0.6331
2940 	 0.7689 	 -0.6323
2950 	 0.5822 	 -0.6316
2960 	 0.5644 	 -0.6309
2970 	 0.5822 	 -0.6303
2980 	 0.3600 	 -0.6297
2990 	 0.3867 	 -0.6292
<M> = -0.6292 	 with sampling error = 0.00063881 	 and Var(M) = 0.03672679 
MC simulation
T = 2.20 h = 0.01 J = 1.00
Nx = 15 by Nx = 15
Nsweeps = 3000 and Nsamp = 10

Step 	 M 		 <M>
0 	 0.0000 	 0.0000
10 	 0.6978 	 -0.6284
20 	 0.8400 	 -0.6276
30 	 0.8400 	 -0.6268
40 	 0.8400 	 -0.6260
50 	 0.8311 	 -0.6252
60 	 0.6711 	 -0.6244
70 	 0.8222 	 -0.6236
80 	 0.8844 	 -0.6228
90 	 0.7956 	 -0.6220
100 	 0.8844 	 -0.6212
110 	 0.7689 	 -0.6204
120 	 0.7867 	 -0.6196
130 	 0.8667 	 -0.6188
140 	 0.8133 	 -0.6180
150 	 0.8756 	 -0.6172
160 	 0.7956 	 -0.6164
170 	 0.7067 	 -0.6157
180 	 0.8400 	 -0.6149
190 	 0.8133 	 -0.6141
200 	 0.8044 	 -0.6133
210 	 0.8400 	 -0.6125
220 	 0.8222 	 -0.6117
230 	 0.8756 	 -0.6109
240 	 0.9289 	 -0.6100
250 	 0.7422 	 -0.6093
260 	 0.7600 	 -0.6085
270 	 0.8222 	 -0.6078
280 	 0.9378 	 -0.6069
290 	 0.7689 	 -0.6062
300 	 0.8489 	 -0.6054
310 	 0.6978 	 -0.6046
320 	 0.8578 	 -0.6038
330 	 0.8311 	 -0.6031
340 	 0.8933 	 -0.6022
350 	 0.8400 	 -0.6015
360 	 0.9556 	 -0.6006
370 	 0.8933 	 -0.5998
380 	 0.7956 	 -0.5990
390 	 0.8311 	 -0.5982
400 	 0.8756 	 -0.5974
410 	 0.8933 	 -0.5966
420 	 0.9022 	 -0.5958
430 	 0.9289 	 -0.5950
440 	 0.7156 	 -0.5943
450 	 0.7333 	 -0.5935
460 	 0.8933 	 -0.5927
470 	 0.9644 	 -0.5919
480 	 0.8489 	 -0.5911
490 	 0.8311 	 -0.5903
500 	 0.9200 	 -0.5895
510 	 0.7867 	 -0.5888
520 	 0.7244 	 -0.5881
530 	 0.6889 	 -0.5874
540 	 0.6800 	 -0.5867
550 	 0.7956 	 -0.5859
560 	 0.5644 	 -0.5853
570 	 0.7867 	 -0.5846
580 	 0.6978 	 -0.5839
590 	 0.8844 	 -0.5831
600 	 0.8667 	 -0.5823
610 	 0.7156 	 -0.5816
620 	 0.9200 	 -0.5808
630 	 0.9289 	 -0.5800
640 	 0.9022 	 -0.5792
650 	 0.8578 	 -0.5784
660 	 0.8044 	 -0.5777
670 	 0.9289 	 -0.5769
680 	 0.9022 	 -0.5761
690 	 0.9022 	 -0.5753
700 	 0.7067 	 -0.5746
710 	 0.7067 	 -0.5739
720 	 0.6889 	 -0.5732
730 	 0.9022 	 -0.5724
740 	 0.7956 	 -0.5717
750 	 0.9022 	 -0.5709
760 	 0.9111 	 -0.5701
770 	 0.8044 	 -0.5694
780 	 0.8222 	 -0.5686
790 	 0.7956 	 -0.5679
800 	 0.8133 	 -0.5672
810 	 0.9200 	 -0.5664
820 	 0.8311 	 -0.5656
830 	 0.8044 	 -0.5649
840 	 0.8044 	 -0.5642
850 	 0.7156 	 -0.5635
860 	 0.8222 	 -0.5628
870 	 0.7867 	 -0.5620
880 	 0.6889 	 -0.5614
890 	 0.7156 	 -0.5607
900 	 0.4044 	 -0.5602
910 	 0.7867 	 -0.5595
920 	 0.5111 	 -0.5589
930 	 0.4311 	 -0.5584
940 	 0.4667 	 -0.5578
950 	 0.4667 	 -0.5573
960 	 0.7067 	 -0.5566
970 	 0.7422 	 -0.5559
980 	 0.9200 	 -0.5552
990 	 0.9022 	 -0.5544
1000 	 0.8222 	 -0.5537
1010 	 0.8844 	 -0.5529
1020 	 0.8933 	 -0.5521
1030 	 0.8578 	 -0.5514
1040 	 0.9200 	 -0.5506
1050 	 0.9289 	 -0.5498
1060 	 0.8756 	 -0.5491
1070 	 0.8756 	 -0.5483
1080 	 0.8044 	 -0.5476
1090 	 0.9022 	 -0.5469
1100 	 0.9378 	 -0.5461
1110 	 0.9022 	 -0.5453
1120 	 0.8400 	 -0.5446
1130 	 0.8044 	 -0.5439
1140 	 0.7156 	 -0.5432
1150 	 0.8311 	 -0.5425
1160 	 0.8311 	 -0.5418
1170 	 0.8400 	 -0.5411
1180 	 0.9733 	 -0.5403
1190 	 0.8578 	 -0.5396
1200 	 0.8133 	 -0.5388
1210 	 0.9289 	 -0.5381
1220 	 0.7867 	 -0.5374
1230 	 0.9289 	 -0.5366
1240 	 0.8933 	 -0.5359
1250 	 0.9111 	 -0.5351
1260 	 0.8756 	 -0.5344
1270 	 0.8933 	 -0.5336
1280 	 0.9378 	 -0.5329
1290 	 0.8489 	 -0.5322
1300 	 0.8400 	 -0.5314
1310 	 0.7156 	 -0.5308
1320 	 0.7778 	 -0.5301
1330 	 0.9022 	 -0.5294
1340 	 0.8667 	 -0.5287
1350 	 0.7244 	 -0.5280
1360 	 0.9200 	 -0.5273
1370 	 0.8844 	 -0.5265
1380 	 0.8489 	 -0.5258
1390 	 0.8756 	 -0.5251
1400 	 0.8933 	 -0.5244
1410 	 0.9200 	 -0.5236
1420 	 0.8933 	 -0.5229
1430 	 0.6622 	 -0.5223
1440 	 0.8667 	 -0.5215
1450 	 0.7511 	 -0.5209
1460 	 0.8489 	 -0.5202
1470 	 0.7600 	 -0.5195
1480 	 0.9644 	 -0.5188
1490 	 0.7867 	 -0.5181
1500 	 0.7333 	 -0.5174
1510 	 0.9556 	 -0.5167
1520 	 0.8222 	 -0.5160
1530 	 0.9289 	 -0.5153
1540 	 0.7778 	 -0.5146
1550 	 0.7511 	 -0.5139
1560 	 0.7778 	 -0.5133
1570 	 0.8133 	 -0.5126
1580 	 0.9200 	 -0.5119
1590 	 0.9022 	 -0.5111
1600 	 0.7956 	 -0.5105
1610 	 0.8756 	 -0.5098
1620 	 0.8844 	 -0.5091
1630 	 0.9022 	 -0.5083
1640 	 0.8311 	 -0.5076
1650 	 0.7778 	 -0.5070
1660 	 0.9111 	 -0.5063
1670 	 0.8311 	 -0.5056
1680 	 0.9022 	 -0.5049
1690 	 0.8756 	 -0.5042
1700 	 0.8133 	 -0.5035
1710 	 0.7067 	 -0.5029
1720 	 0.8044 	 -0.5022
1730 	 0.9200 	 -0.5015
1740 	 0.8222 	 -0.5008
1750 	 0.8667 	 -0.5001
1760 	 0.7956 	 -0.4995
1770 	 0.9022 	 -0.4988
1780 	 0.8222 	 -0.4981
1790 	 0.7956 	 -0.4974
1800 	 0.7600 	 -0.4968
1810 	 0.9111 	 -0.4961
1820 	 0.8578 	 -0.4954
1830 	 0.7511 	 -0.4948
1840 	 0.8400 	 -0.4941
1850 	 0.5822 	 -0.4935
1860 	 0.7778 	 -0.4929
1870 	 0.8844 	 -0.4922
1880 	 0.8844 	 -0.4915
1890 	 0.8311 	 -0.4908
1900 	 0.7778 	 -0.4902
1910 	 0.8933 	 -0.4895
1920 	 0.8667 	 -0.4888
1930 	 0.8844 	 -0.4881
1940 	 0.8311 	 -0.4875
1950 	 0.7600 	 -0.4868
1960 	 0.8133 	 -0.4862
1970 	 0.7689 	 -0.4856
1980 	 0.9022 	 -0.4849
1990 	 0.7511 	 -0.4842
2000 	 0.9378 	 -0.4835
2010 	 0.9111 	 -0.4828
2020 	 0.7689 	 -0.4822
2030 	 0.9111 	 -0.4815
2040 	 0.8844 	 -0.4808
2050 	 0.9200 	 -0.4801
2060 	 0.9556 	 -0.4794
2070 	 0.8578 	 -0.4787
2080 	 0.8933 	 -0.4781
2090 	 0.8489 	 -0.4774
2100 	 0.8667 	 -0.4767
2110 	 0.7956 	 -0.4761
2120 	 0.8400 	 -0.4754
2130 	 0.8667 	 -0.4748
2140 	 0.7067 	 -0.4742
2150 	 0.9022 	 -0.4735
2160 	 0.8133 	 -0.4728
2170 	 0.8222 	 -0.4722
2180 	 0.8489 	 -0.4715
2190 	 0.8756 	 -0.4709
2200 	 0.8844 	 -0.4702
2210 	 0.9200 	 -0.4695
2220 	 0.5911 	 -0.4690
2230 	 0.6000 	 -0.4685
2240 	 0.8933 	 -0.4678
2250 	 0.8222 	 -0.4671
2260 	 0.9289 	 -0.4665
2270 	 0.8311 	 -0.4658
2280 	 0.9022 	 -0.4651
2290 	 0.7689 	 -0.4645
2300 	 0.9200 	 -0.4638
2310 	 0.8756 	 -0.4632
2320 	 0.8844 	 -0.4625
2330 	 0.8933 	 -0.4618
2340 	 0.8489 	 -0.4612
2350 	 0.8578 	 -0.4605
2360 	 0.8933 	 -0.4599
2370 	 0.9644 	 -0.4592
2380 	 0.7956 	 -0.4586
2390 	 0.7333 	 -0.4580
2400 	 0.7778 	 -0.4574
2410 	 0.6711 	 -0.4568
2420 	 0.7067 	 -0.4562
2430 	 0.8400 	 -0.4556
2440 	 0.8844 	 -0.4549
2450 	 0.9289 	 -0.4543
2460 	 0.8133 	 -0.4536
2470 	 0.9200 	 -0.4530
2480 	 0.8933 	 -0.4523
2490 	 0.9644 	 -0.4516
2500 	 0.9200 	 -0.4510
2510 	 0.7778 	 -0.4503
2520 	 0.8667 	 -0.4497
2530 	 0.9200 	 -0.4490
2540 	 0.9378 	 -0.4484
2550 	 0.9378 	 -0.4477
2560 	 0.9022 	 -0.4470
2570 	 0.8222 	 -0.4464
2580 	 0.9289 	 -0.4457
2590 	 0.6889 	 -0.4452
2600 	 0.6444 	 -0.4447
2610 	 0.6889 	 -0.4441
2620 	 0.9289 	 -0.4434
2630 	 0.9467 	 -0.4428
2640 	 0.8933 	 -0.4421
2650 	 0.8489 	 -0.4415
2660 	 0.6711 	 -0.4409
2670 	 0.6622 	 -0.4404
2680 	 0.8667 	 -0.4398
2690 	 0.7156 	 -0.4392
2700 	 0.9022 	 -0.4386
2710 	 0.8133 	 -0.4380
2720 	 0.8489 	 -0.4373
2730 	 0.8311 	 -0.4367
2740 	 0.7956 	 -0.4361
2750 	 0.8489 	 -0.4355
2760 	 0.7156 	 -0.4349
2770 	 0.8667 	 -0.4343
2780 	 0.9022 	 -0.4337
2790 	 0.9200 	 -0.4330
2800 	 0.8667 	 -0.4324
2810 	 0.9022 	 -0.4317
2820 	 0.9111 	 -0.4311
2830 	 0.8933 	 -0.4305
2840 	 0.9556 	 -0.4298
2850 	 0.8756 	 -0.4292
2860 	 0.7689 	 -0.4286
2870 	 0.8756 	 -0.4280
2880 	 0.9556 	 -0.4273
2890 	 0.8933 	 -0.4267
2900 	 0.9378 	 -0.4260
2910 	 0.7511 	 -0.4254
2920 	 0.6533 	 -0.4249
2930 	 0.6800 	 -0.4244
2940 	 0.8667 	 -0.4238
2950 	 0.9556 	 -0.4231
2960 	 0.8489 	 -0.4225
2970 	 0.8667 	 -0.4219
2980 	 0.9556 	 -0.4212
2990 	 0.8578 	 -0.4206
<M> = -0.4206 	 with sampling error = 0.00123087 	 and Var(M) = 0.13635318 
MC simulation
T = 2.20 h = 0.02 J = 1.00
Nx = 15 by Nx = 15
Nsweeps = 3000 and Nsamp = 10

Step 	 M 		 <M>
0 	 0.0000 	 0.0000
10 	 0.5556 	 -0.4202
20 	 0.5822 	 -0.4197
30 	 0.8756 	 -0.4191
40 	 0.9200 	 -0.4184
50 	 0.9289 	 -0.4178
60 	 0.8933 	 -0.4172
70 	 0.7778 	 -0.4166
80 	 0.7867 	 -0.4160
90 	 0.7956 	 -0.4154
100 	 0.8844 	 -0.4148
110 	 0.7156 	 -0.4143
120 	 0.8844 	 -0.4137
130 	 0.8756 	 -0.4131
140 	 0.8400 	 -0.4125
150 	 0.8044 	 -0.4119
160 	 0.6267 	 -0.4114
170 	 0.8667 	 -0.4108
180 	 0.8044 	 -0.4102
190 	 0.8667 	 -0.4096
200 	 0.8044 	 -0.4090
210 	 0.9467 	 -0.4084
220 	 0.8133 	 -0.4078
230 	 0.7333 	 -0.4073
240 	 0.6889 	 -0.4068
250 	 0.8489 	 -0.4062
260 	 0.7156 	 -0.4056
270 	 0.7778 	 -0.4051
280 	 0.9378 	 -0.4044
290 	 0.8133 	 -0.4039
300 	 0.7778 	 -0.4033
310 	 0.8844 	 -0.4027
320 	 0.8311 	 -0.4021
330 	 0.8756 	 -0.4015
340 	 0.8756 	 -0.4009
350 	 0.9644 	 -0.4003
360 	 0.9111 	 -0.3997
370 	 0.9111 	 -0.3991
380 	 0.8311 	 -0.3985
390 	 0.7956 	 -0.3979
400 	 0.9022 	 -0.3973
410 	 0.9022 	 -0.3967
420 	 0.6889 	 -0.3962
430 	 0.7511 	 -0.3957
440 	 0.6711 	 -0.3952
450 	 0.4933 	 -0.3947
460 	 0.8844 	 -0.3941
470 	 0.8311 	 -0.3936
480 	 0.8933 	 -0.3930
490 	 0.9289 	 -0.3923
500 	 0.6889 	 -0.3918
510 	 0.6800 	 -0.3913
520 	 0.8578 	 -0.3908
530 	 0.9289 	 -0.3901
540 	 0.9022 	 -0.3895
550 	 0.8489 	 -0.3890
560 	 0.9111 	 -0.3884
570 	 0.9467 	 -0.3877
580 	 0.8489 	 -0.3872
590 	 0.6000 	 -0.3867
600 	 0.8578 	 -0.3861
610 	 0.8578 	 -0.3856
620 	 0.9289 	 -0.3849
630 	 0.9289 	 -0.3843
640 	 0.9289 	 -0.3837
650 	 0.8844 	 -0.3831
660 	 0.7244 	 -0.3826
670 	 0.9289 	 -0.3820
680 	 0.8400 	 -0.3815
690 	 0.9378 	 -0.3808
700 	 0.9556 	 -0.3802
710 	 0.8933 	 -0.3796
720 	 0.5289 	 -0.3792
730 	 0.6267 	 -0.3788
740 	 0.6000 	 -0.3783
750 	 0.7689 	 -0.3778
760 	 0.8844 	 -0.3772
770 	 0.8044 	 -0.3766
780 	 0.9022 	 -0.3761
790 	 0.7956 	 -0.3755
800 	 0.8222 	 -0.3750
810 	 0.8667 	 -0.3744
820 	 0.8844 	 -0.3738
830 	 0.8222 	 -0.3733
840 	 0.9200 	 -0.3727
850 	 0.8667 	 -0.3721
860 	 0.8933 	 -0.3715
870 	 0.9556 	 -0.3709
880 	 0.9733 	 -0.3703
890 	 0.9111 	 -0.3697
900 	 0.7244 	 -0.3692
910 	 0.8222 	 -0.3687
920 	 0.8222 	 -0.3681
930 	 0.8933 	 -0.3675
940 	 0.8311 	 -0.3670
950 	 0.8133 	 -0.3665
960 	 0.8756 	 -0.3659
970 	 0.8311 	 -0.3653
980 	 0.9378 	 -0.3647
990 	 0.9022 	 -0.3642
1000 	 0.8044 	 -0.3636
1010 	 0.9200 	 -0.3630
1020 	 0.9378 	 -0.3625
1030 	 0.8489 	 -0.3619
1040 	 0.7333 	 -0.3614
1050 	 0.7422 	 -0.3609
1060 	 0.8489 	 -0.3604
1070 	 0.9111 	 -0.3598
1080 	 0.8578 	 -0.3592
1090 	 0.7956 	 -0.3587
1100 	 0.6978 	 -0.3582
1110 	 0.3867 	 -0.3579
1120 	 0.5022 	 -0.3575
1130 	 0.5022 	 -0.3571
1140 	 0.8311 	 -0.3566
1150 	 0.9200 	 -0.3560
1160 	 0.9111 	 -0.3554
1170 	 0.8667 	 -0.3549
1180 	 0.7156 	 -0.3544
1190 	 0.8489 	 -0.3538
1200 	 0.7956 	 -0.3533
1210 	 0.7422 	 -0.3528
1220 	 0.7689 	 -0.3523
1230 	 0.9289 	 -0.3517
1240 	 0.8844 	 -0.3512
1250 	 0.8667 	 -0.3506
1260 	 0.8578 	 -0.3501
1270 	 0.7511 	 -0.3496
1280 	 0.8933 	 -0.3490
1290 	 0.9644 	 -0.3484
1300 	 0.8222 	 -0.3479
1310 	 0.9111 	 -0.3473
1320 	 0.8933 	 -0.3468
1330 	 0.8933 	 -0.3462
1340 	 0.8844 	 -0.3457
1350 	 0.8400 	 -0.3451
1360 	 0.8400 	 -0.3446
1370 	 0.8667 	 -0.3441
1380 	 0.9200 	 -0.3435
1390 	 0.8933 	 -0.3429
1400 	 0.8933 	 -0.3424
1410 	 0.8933 	 -0.3418
1420 	 0.8578 	 -0.3413
1430 	 0.7867 	 -0.3408
1440 	 0.7956 	 -0.3403
1450 	 0.8756 	 -0.3397
1460 	 0.7778 	 -0.3392
1470 	 0.8489 	 -0.3387
1480 	 0.8756 	 -0.3382
1490 	 0.8667 	 -0.3376
1500 	 0.7067 	 -0.3372
1510 	 0.9644 	 -0.3366
1520 	 0.8844 	 -0.3360
1530 	 0.8400 	 -0.3355
1540 	 0.7867 	 -0.3350
1550 	 0.8489 	 -0.3345
1560 	 0.6444 	 -0.3341
1570 	 0.7778 	 -0.3336
1580 	 0.4489 	 -0.3332
1590 	 0.7067 	 -0.3328
1600 	 0.6356 	 -0.3323
1610 	 0.5822 	 -0.3319
1620 	 0.5022 	 -0.3316
1630 	 0.6444 	 -0.3311
1640 	 0.4933 	 -0.3308
1650 	 0.4133 	 -0.3304
1660 	 0.7333 	 -0.3300
1670 	 0.8044 	 -0.3295
1680 	 0.9200 	 -0.3289
1690 	 0.5733 	 -0.3285
1700 	 0.5556 	 -0.3281
1710 	 0.5378 	 -0.3277
1720 	 0.6267 	 -0.3273
1730 	 0.7333 	 -0.3268
1740 	 0.8756 	 -0.3263
1750 	 0.9556 	 -0.3257
1760 	 0.9556 	 -0.3252
1770 	 0.7689 	 -0.3247
1780 	 0.8933 	 -0.3242
1790 	 0.8489 	 -0.3236
1800 	 0.9556 	 -0.3231
1810 	 0.8578 	 -0.3226
1820 	 0.8933 	 -0.3220
1830 	 0.6889 	 -0.3216
1840 	 0.8756 	 -0.3211
1850 	 0.9200 	 -0.3205
1860 	 0.8489 	 -0.3200
1870 	 0.8400 	 -0.3195
1880 	 0.8044 	 -0.3190
1890 	 0.9289 	 -0.3184
1900 	 0.7778 	 -0.3180
1910 	 0.8933 	 -0.3174
1920 	 0.8222 	 -0.3169
1930 	 0.7778 	 -0.3165
1940 	 0.8578 	 -0.3159
1950 	 0.9111 	 -0.3154
1960 	 0.7956 	 -0.3149
1970 	 0.7511 	 -0.3145
1980 	 0.7422 	 -0.3140
1990 	 0.9111 	 -0.3135
2000 	 0.8756 	 -0.3129
2010 	 0.8844 	 -0.3124
2020 	 0.7511 	 -0.3120
2030 	 0.9111 	 -0.3114
2040 	 0.7333 	 -0.3110
2050 	 0.8667 	 -0.3105
2060 	 0.8311 	 -0.3100
2070 	 0.9200 	 -0.3094
2080 	 0.7956 	 -0.3089
2090 	 0.8667 	 -0.3084
2100 	 0.6089 	 -0.3080
2110 	 0.9111 	 -0.3075
2120 	 0.9289 	 -0.3070
2130 	 0.7333 	 -0.3065
2140 	 0.7689 	 -0.3061
2150 	 0.9378 	 -0.3055
2160 	 0.8489 	 -0.3050
2170 	 0.8667 	 -0.3045
2180 	 0.9733 	 -0.3040
2190 	 0.7867 	 -0.3035
2200 	 0.8489 	 -0.3030
2210 	 0.8133 	 -0.3025
2220 	 0.7067 	 -0.3021
2230 	 0.8667 	 -0.3016
2240 	 0.9111 	 -0.3010
2250 	 0.8756 	 -0.3005
2260 	 0.7956 	 -0.3001
2270 	 0.9467 	 -0.2995
2280 	 0.8222 	 -0.2990
2290 	 0.8489 	 -0.2985
2300 	 0.7600 	 -0.2981
2310 	 0.7511 	 -0.2976
2320 	 0.8400 	 -0.2972
2330 	 0.9200 	 -0.2966
2340 	 0.9022 	 -0.2961
2350 	 0.8933 	 -0.2956
2360 	 0.8044 	 -0.2951
2370 	 0.9200 	 -0.2946
2380 	 0.7867 	 -0.2941
2390 	 0.8667 	 -0.2936
2400 	 0.8489 	 -0.2932
2410 	 0.8844 	 -0.2927
2420 	 0.7067 	 -0.2922
2430 	 0.6089 	 -0.2918
2440 	 0.9022 	 -0.2913
2450 	 0.7422 	 -0.2909
2460 	 0.8311 	 -0.2904
2470 	 0.8400 	 -0.2899
2480 	 0.7689 	 -0.2895
2490 	 0.8222 	 -0.2890
2500 	 0.9111 	 -0.2885
2510 	 0.8844 	 -0.2880
2520 	 0.9200 	 -0.2875
2530 	 0.8933 	 -0.2870
2540 	 0.9467 	 -0.2864
2550 	 0.7956 	 -0.2860
2560 	 0.7511 	 -0.2855
2570 	 0.8667 	 -0.2850
2580 	 0.9022 	 -0.2845
2590 	 0.7067 	 -0.2841
2600 	 0.8844 	 -0.2836
2610 	 0.9111 	 -0.2831
2620 	 0.7689 	 -0.2827
2630 	 0.8844 	 -0.2822
2640 	 0.8933 	 -0.2817
2650 	 0.4844 	 -0.2813
2660 	 0.5822 	 -0.2810
2670 	 0.9022 	 -0.2805
2680 	 0.9111 	 -0.2800
2690 	 0.9022 	 -0.2795
2700 	 0.8400 	 -0.2790
2710 	 0.8933 	 -0.2785
2720 	 0.8844 	 -0.2780
2730 	 0.8578 	 -0.2775
2740 	 0.9200 	 -0.2770
2750 	 0.8311 	 -0.2766
2760 	 0.8133 	 -0.2761
2770 	 0.7956 	 -0.2756
2780 	 0.8489 	 -0.2752
2790 	 0.7511 	 -0.2747
2800 	 0.8133 	 -0.2743
2810 	 0.8667 	 -0.2738
2820 	 0.8756 	 -0.2733
2830 	 0.9200 	 -0.2728
2840 	 0.8222 	 -0.2724
2850 	 0.8578 	 -0.2719
2860 	 0.8400 	 -0.2714
2870 	 0.9200 	 -0.2709
2880 	 0.8311 	 -0.2705
2890 	 0.8844 	 -0.2700
2900 	 0.8667 	 -0.2695
2910 	 0.6444 	 -0.2691
2920 	 0.7244 	 -0.2687
2930 	 0.8311 	 -0.2682
2940 	 0.8933 	 -0.2677
2950 	 0.9200 	 -0.2672
2960 	 0.8667 	 -0.2668
2970 	 0.7067 	 -0.2664
2980 	 0.9733 	 -0.2658
2990 	 0.9200 	 -0.2653
<M> = -0.2653 	 with sampling error = 0.00162125 	 and Var(M) = 0.23655962 
MC simulation
T = 2.20 h = 0.03 J = 1.00
Nx = 15 by Nx = 15
Nsweeps = 3000 and Nsamp = 10

Step 	 M 		 <M>
0 	 0.0000 	 0.0000
10 	 0.7511 	 -0.2649
20 	 0.8400 	 -0.2645
30 	 0.7333 	 -0.2640
40 	 0.8222 	 -0.2636
50 	 0.7867 	 -0.2632
60 	 0.8756 	 -0.2627
70 	 0.8489 	 -0.2622
80 	 0.8933 	 -0.2617
90 	 0.8489 	 -0.2613
100 	 0.8133 	 -0.2608
110 	 0.8400 	 -0.2604
120 	 0.7956 	 -0.2599
130 	 0.7511 	 -0.2595
140 	 0.7067 	 -0.2591
150 	 0.8756 	 -0.2586
160 	 0.7867 	 -0.2582
170 	 0.6978 	 -0.2578
180 	 0.6178 	 -0.2574
190 	 0.8933 	 -0.2570
200 	 0.9467 	 -0.2565
210 	 0.9289 	 -0.2560
220 	 0.7778 	 -0.2555
230 	 0.9378 	 -0.2550
240 	 0.9111 	 -0.2546
250 	 0.8400 	 -0.2541
260 	 0.8400 	 -0.2537
270 	 0.7956 	 -0.2532
280 	 0.8578 	 -0.2528
290 	 0.9556 	 -0.2523
300 	 0.8400 	 -0.2518
310 	 0.7778 	 -0.2514
320 	 0.8578 	 -0.2509
330 	 0.8933 	 -0.2505
340 	 0.9556 	 -0.2500
350 	 0.7778 	 -0.2495
360 	 0.8489 	 -0.2491
370 	 0.8044 	 -0.2487
380 	 0.8400 	 -0.2482
390 	 0.8756 	 -0.2477
400 	 0.8933 	 -0.2473
410 	 0.8667 	 -0.2468
420 	 0.8933 	 -0.2464
430 	 0.9111 	 -0.2459
440 	 0.7333 	 -0.2455
450 	 0.7689 	 -0.2451
460 	 0.8311 	 -0.2446
470 	 0.8311 	 -0.2442
480 	 0.8578 	 -0.2437
490 	 0.8756 	 -0.2433
500 	 0.9200 	 -0.2428
510 	 0.8133 	 -0.2424
520 	 0.8044 	 -0.2419
530 	 0.9200 	 -0.2415
540 	 0.8844 	 -0.2410
550 	 0.6267 	 -0.2406
560 	 0.7600 	 -0.2402
570 	 0.6444 	 -0.2399
580 	 0.7511 	 -0.2395
590 	 0.8756 	 -0.2390
600 	 0.8222 	 -0.2386
610 	 0.8933 	 -0.2381
620 	 0.7333 	 -0.2377
630 	 0.7067 	 -0.2373
640 	 0.7156 	 -0.2369
650 	 0.7422 	 -0.2365
660 	 0.8667 	 -0.2361
670 	 0.6711 	 -0.2357
680 	 0.9378 	 -0.2353
690 	 0.9022 	 -0.2348
700 	 0.8222 	 -0.2344
710 	 0.9022 	 -0.2339
720 	 0.8222 	 -0.2335
730 	 0.7689 	 -0.2331
740 	 0.8400 	 -0.2326
750 	 0.9289 	 -0.2322
760 	 0.7778 	 -0.2317
770 	 0.8844 	 -0.2313
780 	 0.9022 	 -0.2308
790 	 0.8400 	 -0.2304
800 	 0.9200 	 -0.2299
810 	 0.8844 	 -0.2295
820 	 0.9289 	 -0.2290
830 	 0.8844 	 -0.2286
840 	 0.9022 	 -0.2281
850 	 0.8578 	 -0.2277
860 	 0.8489 	 -0.2272
870 	 0.7600 	 -0.2268
880 	 0.7422 	 -0.2265
890 	 0.8400 	 -0.2260
900 	 0.8044 	 -0.2256
910 	 0.8222 	 -0.2252
920 	 0.8667 	 -0.2247
930 	 0.8933 	 -0.2243
940 	 0.9200 	 -0.2238
950 	 0.8844 	 -0.2234
960 	 0.7956 	 -0.2230
970 	 0.9111 	 -0.2225
980 	 0.9289 	 -0.2221
990 	 0.8222 	 -0.2216
1000 	 0.8044 	 -0.2212
1010 	 0.6978 	 -0.2209
1020 	 0.7778 	 -0.2205
1030 	 0.9289 	 -0.2200
1040 	 0.8667 	 -0.2196
1050 	 0.9111 	 -0.2191
1060 	 0.8844 	 -0.2187
1070 	 0.9022 	 -0.2182
1080 	 0.8756 	 -0.2178
1090 	 0.8489 	 -0.2174
1100 	 0.9467 	 -0.2169
1110 	 0.7067 	 -0.2165
1120 	 0.8667 	 -0.2161
1130 	 0.8844 	 -0.2157
1140 	 0.8756 	 -0.2152
1150 	 0.9556 	 -0.2147
1160 	 0.9022 	 -0.2143
1170 	 0.8222 	 -0.2139
1180 	 0.8756 	 -0.2135
1190 	 0.8933 	 -0.2130
1200 	 0.7778 	 -0.2126
1210 	 0.7778 	 -0.2122
1220 	 0.7156 	 -0.2119
1230 	 0.8222 	 -0.2114
1240 	 0.8844 	 -0.2110
1250 	 0.9556 	 -0.2105
1260 	 0.7778 	 -0.2102
1270 	 0.6356 	 -0.2098
1280 	 0.6622 	 -0.2095
1290 	 0.9022 	 -0.2090
1300 	 0.8311 	 -0.2086
1310 	 0.8756 	 -0.2082
1320 	 0.9467 	 -0.2077
1330 	 0.9556 	 -0.2073
1340 	 0.9378 	 -0.2068
1350 	 0.9022 	 -0.2064
1360 	 0.9378 	 -0.2059
1370 	 0.8844 	 -0.2055
1380 	 0.8667 	 -0.2051
1390 	 0.9200 	 -0.2046
1400 	 0.8578 	 -0.2042
1410 	 0.9022 	 -0.2038
1420 	 0.9378 	 -0.2033
1430 	 0.7778 	 -0.2029
1440 	 0.8578 	 -0.2025
1450 	 0.8311 	 -0.2021
1460 	 0.9022 	 -0.2017
1470 	 0.9556 	 -0.2012
1480 	 0.8133 	 -0.2008
1490 	 0.9378 	 -0.2004
1500 	 0.9111 	 -0.1999
1510 	 0.8311 	 -0.1995
1520 	 0.9289 	 -0.1991
1530 	 0.8667 	 -0.1987
1540 	 0.7778 	 -0.1983
1550 	 0.7778 	 -0.1979
1560 	 0.9378 	 -0.1975
1570 	 0.9111 	 -0.1970
1580 	 0.8222 	 -0.1966
1590 	 0.8667 	 -0.1962
1600 	 0.8044 	 -0.1958
1610 	 0.8133 	 -0.1954
1620 	 0.8489 	 -0.1950
1630 	 0.8578 	 -0.1946
1640 	 0.8844 	 -0.1942
1650 	 0.8756 	 -0.1938
1660 	 0.7422 	 -0.1934
1670 	 0.7867 	 -0.1930
1680 	 0.9200 	 -0.1926
1690 	 0.8400 	 -0.1922
1700 	 0.8400 	 -0.1918
1710 	 0.9200 	 -0.1913
1720 	 0.9644 	 -0.1909
1730 	 0.7778 	 -0.1905
1740 	 0.9200 	 -0.1901
1750 	 0.8933 	 -0.1896
1760 	 0.9200 	 -0.1892
1770 	 0.8222 	 -0.1888
1780 	 0.8222 	 -0.1884
1790 	 0.7422 	 -0.1881
1800 	 0.9022 	 -0.1876
1810 	 0.8756 	 -0.1872
1820 	 0.8756 	 -0.1868
1830 	 0.9022 	 -0.1864
1840 	 0.9200 	 -0.1860
1850 	 0.8844 	 -0.1855
1860 	 0.8578 	 -0.1851
1870 	 0.7867 	 -0.1848
1880 	 0.8667 	 -0.1844
1890 	 0.8489 	 -0.1840
1900 	 0.7156 	 -0.1836
1910 	 0.7422 	 -0.1833
1920 	 0.8933 	 -0.1828
1930 	 0.9378 	 -0.1824
1940 	 0.9467 	 -0.1820
1950 	 0.8756 	 -0.1816
1960 	 0.8578 	 -0.1812
1970 	 0.8311 	 -0.1808
1980 	 0.8489 	 -0.1804
1990 	 0.9556 	 -0.1799
2000 	 0.8133 	 -0.1795
2010 	 0.8578 	 -0.1791
2020 	 0.9111 	 -0.1787
2030 	 0.8667 	 -0.1783
2040 	 0.7778 	 -0.1780
2050 	 0.8933 	 -0.1775
2060 	 0.9556 	 -0.1771
2070 	 0.8489 	 -0.1767
2080 	 0.7956 	 -0.1763
2090 	 0.8578 	 -0.1759
2100 	 0.8844 	 -0.1755
2110 	 0.8311 	 -0.1751
2120 	 0.7244 	 -0.1748
2130 	 0.9644 	 -0.1744
2140 	 0.8667 	 -0.1740
2150 	 0.9200 	 -0.1735
2160 	 0.8844 	 -0.1731
2170 	 0.9378 	 -0.1727
2180 	 0.9289 	 -0.1723
2190 	 0.8578 	 -0.1719
2200 	 0.9022 	 -0.1715
2210 	 0.9378 	 -0.1711
2220 	 0.9467 	 -0.1706
2230 	 0.7511 	 -0.1703
2240 	 0.8844 	 -0.1699
2250 	 0.9200 	 -0.1695
2260 	 0.8489 	 -0.1691
2270 	 0.8933 	 -0.1687
2280 	 0.9200 	 -0.1682
2290 	 0.8844 	 -0.1678
2300 	 0.8844 	 -0.1674
2310 	 0.9200 	 -0.1670
2320 	 0.8667 	 -0.1666
2330 	 0.9556 	 -0.1662
2340 	 0.9378 	 -0.1658
2350 	 0.8844 	 -0.1654
2360 	 0.8933 	 -0.1650
2370 	 0.9289 	 -0.1646
2380 	 0.9111 	 -0.1642
2390 	 0.8667 	 -0.1638
2400 	 0.8667 	 -0.1634
2410 	 0.9022 	 -0.1630
2420 	 0.8756 	 -0.1626
2430 	 0.9111 	 -0.1622
2440 	 0.7867 	 -0.1618
2450 	 0.8133 	 -0.1614
2460 	 0.9111 	 -0.1610
2470 	 0.7867 	 -0.1607
2480 	 0.8044 	 -0.1603
2490 	 0.8667 	 -0.1599
2500 	 0.7511 	 -0.1596
2510 	 0.8933 	 -0.1592
2520 	 0.9289 	 -0.1588
2530 	 0.9200 	 -0.1584
2540 	 0.9200 	 -0.1580
2550 	 0.8667 	 -0.1576
2560 	 0.8756 	 -0.1572
2570 	 0.6978 	 -0.1569
2580 	 0.9556 	 -0.1564
2590 	 0.7511 	 -0.1561
2600 	 0.8133 	 -0.1557
2610 	 0.7333 	 -0.1554
2620 	 0.7778 	 -0.1550
2630 	 0.9556 	 -0.1546
2640 	 0.8844 	 -0.1542
2650 	 0.8667 	 -0.1538
2660 	 0.8933 	 -0.1534
2670 	 0.9200 	 -0.1530
2680 	 0.9289 	 -0.1526
2690 	 0.7600 	 -0.1523
2700 	 0.8844 	 -0.1519
2710 	 0.8844 	 -0.1515
2720 	 0.8756 	 -0.1511
2730 	 0.8311 	 -0.1508
2740 	 0.8400 	 -0.1504
2750 	 0.8044 	 -0.1500
2760 	 0.6800 	 -0.1497
2770 	 0.4844 	 -0.1495
2780 	 0.6622 	 -0.1492
2790 	 0.4400 	 -0.1490
2800 	 0.7244 	 -0.1486
2810 	 0.9022 	 -0.1482
2820 	 0.8756 	 -0.1479
2830 	 0.9200 	 -0.1475
2840 	 0.9289 	 -0.1471
2850 	 0.9022 	 -0.1467
2860 	 0.8222 	 -0.1463
2870 	 0.9111 	 -0.1459
2880 	 0.8667 	 -0.1455
2890 	 0.9022 	 -0.1451
2900 	 0.8311 	 -0.1448
2910 	 0.8400 	 -0.1444
2920 	 0.6711 	 -0.1441
2930 	 0.5289 	 -0.1439
2940 	 0.7778 	 -0.1435
2950 	 0.9467 	 -0.1431
2960 	 0.8489 	 -0.1427
2970 	 0.8933 	 -0.1423
2980 	 0.9378 	 -0.1419
2990 	 0.6267 	 -0.1417
<M> = -0.1417 	 with sampling error = 0.00189659 	 and Var(M) = 0.32373642 
MC simulation
T = 2.20 h = 0.04 J = 1.00
Nx = 15 by Nx = 15
Nsweeps = 3000 and Nsamp = 10

Step 	 M 		 <M>
0 	 0.0000 	 0.0000
10 	 0.8933 	 -0.1413
20 	 0.7600 	 -0.1409
30 	 0.8756 	 -0.1406
40 	 0.7956 	 -0.1402
50 	 0.9556 	 -0.1398
60 	 0.8311 	 -0.1395
70 	 0.8489 	 -0.1391
80 	 0.8756 	 -0.1387
90 	 0.8222 	 -0.1384
100 	 0.8578 	 -0.1380
110 	 0.9378 	 -0.1376
120 	 0.8311 	 -0.1372
130 	 0.8133 	 -0.1369
140 	 0.9022 	 -0.1365
150 	 0.9467 	 -0.1361
160 	 0.8400 	 -0.1357
170 	 0.7867 	 -0.1354
180 	 0.8844 	 -0.1350
190 	 0.8756 	 -0.1346
200 	 0.8489 	 -0.1343
210 	 0.7422 	 -0.1340
220 	 0.8667 	 -0.1336
230 	 0.7956 	 -0.1332
240 	 0.8489 	 -0.1329
250 	 0.9200 	 -0.1325
260 	 0.8311 	 -0.1321
270 	 0.9022 	 -0.1318
280 	 0.7244 	 -0.1314
290 	 0.8667 	 -0.1311
300 	 0.9200 	 -0.1307
310 	 0.8756 	 -0.1303
320 	 0.9022 	 -0.1299
330 	 0.8489 	 -0.1296
340 	 0.9022 	 -0.1292
350 	 0.8844 	 -0.1288
360 	 0.8756 	 -0.1285
370 	 0.7867 	 -0.1281
380 	 0.7956 	 -0.1278
390 	 0.9289 	 -0.1274
400 	 0.7778 	 -0.1271
410 	 0.8311 	 -0.1267
420 	 0.8667 	 -0.1264
430 	 0.9289 	 -0.1260
440 	 0.9200 	 -0.1256
450 	 0.9556 	 -0.1252
460 	 0.9111 	 -0.1248
470 	 0.8756 	 -0.1245
480 	 0.7956 	 -0.1241
490 	 0.7067 	 -0.1238
500 	 0.7689 	 -0.1235
510 	 0.8489 	 -0.1231
520 	 0.7244 	 -0.1228
530 	 0.9822 	 -0.1224
540 	 0.9200 	 -0.1220
550 	 0.9289 	 -0.1217
560 	 0.8400 	 -0.1213
570 	 0.6800 	 -0.1210
580 	 0.7956 	 -0.1207
590 	 0.8756 	 -0.1203
600 	 0.9378 	 -0.1199
610 	 0.8489 	 -0.1196
620 	 0.8400 	 -0.1192
630 	 0.6622 	 -0.1190
640 	 0.6978 	 -0.1187
650 	 0.9467 	 -0.1183
660 	 0.8400 	 -0.1179
670 	 0.8222 	 -0.1176
680 	 0.8578 	 -0.1172
690 	 0.7956 	 -0.1169
700 	 0.8844 	 -0.1165
710 	 0.8933 	 -0.1162
720 	 0.8844 	 -0.1158
730 	 0.9111 	 -0.1154
740 	 0.9289 	 -0.1151
750 	 0.8133 	 -0.1147
760 	 0.9200 	 -0.1143
770 	 0.9556 	 -0.1140
780 	 0.8844 	 -0.1136
790 	 0.9200 	 -0.1132
800 	 0.8044 	 -0.1129
810 	 0.8933 	 -0.1125
820 	 0.8756 	 -0.1122
830 	 0.8133 	 -0.1118
840 	 0.9467 	 -0.1115
850 	 0.9022 	 -0.1111
860 	 0.8844 	 -0.1107
870 	 0.8667 	 -0.1104
880 	 0.8044 	 -0.1101
890 	 0.9111 	 -0.1097
900 	 0.8311 	 -0.1093
910 	 0.8667 	 -0.1090
920 	 0.8133 	 -0.1087
930 	 0.9467 	 -0.1083
940 	 0.7511 	 -0.1080
950 	 0.7689 	 -0.1077
960 	 0.8844 	 -0.1073
970 	 0.8756 	 -0.1070
980 	 0.8222 	 -0.1066
990 	 0.7867 	 -0.1063
1000 	 0.7333 	 -0.1060
1010 	 0.8667 	 -0.1057
1020 	 0.8044 	 -0.1053
1030 	 0.8400 	 -0.1050
1040 	 0.5289 	 -0.1048
1050 	 0.8667 	 -0.1044
1060 	 0.9111 	 -0.1041
1070 	 0.8844 	 -0.1037
1080 	 0.7067 	 -0.1034
1090 	 0.9022 	 -0.1031
1100 	 0.8667 	 -0.1027
1110 	 0.8222 	 -0.1024
1120 	 0.9111 	 -0.1020
1130 	 0.7956 	 -0.1017
1140 	 0.9022 	 -0.1013
1150 	 0.8756 	 -0.1010
1160 	 0.8489 	 -0.1006
1170 	 0.8400 	 -0.1003
1180 	 0.9022 	 -0.1000
1190 	 0.9467 	 -0.0996
1200 	 0.7333 	 -0.0993
1210 	 0.8844 	 -0.0989
1220 	 0.8311 	 -0.0986
1230 	 0.8756 	 -0.0983
1240 	 0.8756 	 -0.0979
1250 	 0.9378 	 -0.0975
1260 	 0.9111 	 -0.0972
1270 	 0.9022 	 -0.0968
1280 	 0.9289 	 -0.0965
1290 	 0.9022 	 -0.0961
1300 	 0.8133 	 -0.0958
1310 	 0.8044 	 -0.0955
1320 	 0.9289 	 -0.0951
1330 	 0.9022 	 -0.0948
1340 	 0.8667 	 -0.0944
1350 	 0.9289 	 -0.0941
1360 	 0.9289 	 -0.0937
1370 	 0.8489 	 -0.0934
1380 	 0.7778 	 -0.0931
1390 	 0.9111 	 -0.0927
1400 	 0.8933 	 -0.0924
1410 	 0.8844 	 -0.0920
1420 	 0.9111 	 -0.0917
1430 	 0.8578 	 -0.0913
1440 	 0.9111 	 -0.0910
1450 	 0.8667 	 -0.0906
1460 	 0.9022 	 -0.0903
1470 	 0.9200 	 -0.0899
1480 	 0.8844 	 -0.0896
1490 	 0.9289 	 -0.0892
1500 	 0.8400 	 -0.0889
1510 	 0.8844 	 -0.0885
1520 	 0.8489 	 -0.0882
1530 	 0.8933 	 -0.0879
1540 	 0.9289 	 -0.0875
1550 	 0.8844 	 -0.0872
1560 	 0.8133 	 -0.0869
1570 	 0.9289 	 -0.0865
1580 	 0.7956 	 -0.0862
1590 	 0.7778 	 -0.0859
1600 	 0.7956 	 -0.0856
1610 	 0.8133 	 -0.0853
1620 	 0.9289 	 -0.0849
1630 	 0.9111 	 -0.0846
1640 	 0.7333 	 -0.0843
1650 	 0.9022 	 -0.0839
1660 	 0.9644 	 -0.0836
1670 	 0.7511 	 -0.0833
1680 	 0.8933 	 -0.0829
1690 	 0.9200 	 -0.0826
1700 	 0.9556 	 -0.0822
1710 	 0.8933 	 -0.0819
1720 	 0.8489 	 -0.0815
1730 	 0.8222 	 -0.0812
1740 	 0.7689 	 -0.0809
1750 	 0.8933 	 -0.0806
1760 	 0.6800 	 -0.0803
1770 	 0.8844 	 -0.0800
1780 	 0.8933 	 -0.0797
1790 	 0.8578 	 -0.0793
1800 	 0.9378 	 -0.0790
1810 	 0.9556 	 -0.0786
1820 	 0.8844 	 -0.0783
1830 	 0.9467 	 -0.0779
1840 	 0.8933 	 -0.0776
1850 	 0.8667 	 -0.0773
1860 	 0.8667 	 -0.0769
1870 	 0.9289 	 -0.0766
1880 	 0.9111 	 -0.0762
1890 	 0.8222 	 -0.0759
1900 	 0.9200 	 -0.0756
1910 	 0.9556 	 -0.0752
1920 	 0.8222 	 -0.0749
1930 	 0.6533 	 -0.0747
1940 	 0.7244 	 -0.0744
1950 	 0.6622 	 -0.0741
1960 	 0.5822 	 -0.0739
1970 	 0.7422 	 -0.0736
1980 	 0.5822 	 -0.0734
1990 	 0.9289 	 -0.0730
2000 	 0.8222 	 -0.0727
2010 	 0.9111 	 -0.0724
2020 	 0.7511 	 -0.0721
2030 	 0.9111 	 -0.0718
2040 	 0.9200 	 -0.0714
2050 	 0.8311 	 -0.0711
2060 	 0.8933 	 -0.0708
2070 	 0.8578 	 -0.0705
2080 	 0.8756 	 -0.0701
2090 	 0.8489 	 -0.0698
2100 	 0.8400 	 -0.0695
2110 	 0.8578 	 -0.0692
2120 	 0.8489 	 -0.0689
2130 	 0.8667 	 -0.0685
2140 	 0.9289 	 -0.0682
2150 	 0.7511 	 -0.0679
2160 	 0.8844 	 -0.0676
2170 	 0.9467 	 -0.0672
2180 	 0.8933 	 -0.0669
2190 	 0.8311 	 -0.0666
2200 	 0.8222 	 -0.0663
2210 	 0.9467 	 -0.0659
2220 	 0.8933 	 -0.0656
2230 	 0.9556 	 -0.0653
2240 	 0.8844 	 -0.0649
2250 	 0.8400 	 -0.0646
2260 	 0.9111 	 -0.0643
2270 	 0.8756 	 -0.0640
2280 	 0.7778 	 -0.0637
2290 	 0.8578 	 -0.0634
2300 	 0.7511 	 -0.0631
2310 	 0.7689 	 -0.0628
2320 	 0.7511 	 -0.0625
2330 	 0.8756 	 -0.0622
2340 	 0.7244 	 -0.0619
2350 	 0.9289 	 -0.0616
2360 	 0.9378 	 -0.0613
2370 	 0.8667 	 -0.0609
2380 	 0.9111 	 -0.0606
2390 	 0.8222 	 -0.0603
2400 	 0.8844 	 -0.0600
2410 	 0.9200 	 -0.0597
2420 	 0.9022 	 -0.0593
2430 	 0.8578 	 -0.0590
2440 	 0.8844 	 -0.0587
2450 	 0.9467 	 -0.0583
2460 	 0.9111 	 -0.0580
2470 	 0.8844 	 -0.0577
2480 	 0.8844 	 -0.0574
2490 	 0.9111 	 -0.0570
2500 	 0.7778 	 -0.0568
2510 	 0.8756 	 -0.0564
2520 	 0.8578 	 -0.0561
2530 	 0.7600 	 -0.0559
2540 	 0.8578 	 -0.0556
2550 	 0.8933 	 -0.0552
2560 	 0.9111 	 -0.0549
2570 	 0.7689 	 -0.0546
2580 	 0.7511 	 -0.0543
2590 	 0.9200 	 -0.0540
2600 	 0.9556 	 -0.0537
2610 	 0.9111 	 -0.0533
2620 	 0.9111 	 -0.0530
2630 	 0.9111 	 -0.0527
2640 	 0.9200 	 -0.0524
2650 	 0.9200 	 -0.0520
2660 	 0.8667 	 -0.0517
2670 	 0.8667 	 -0.0514
2680 	 0.9289 	 -0.0511
2690 	 0.8844 	 -0.0508
2700 	 0.8489 	 -0.0505
2710 	 0.9289 	 -0.0501
2720 	 0.9289 	 -0.0498
2730 	 0.9289 	 -0.0495
2740 	 0.9289 	 -0.0491
2750 	 0.9644 	 -0.0488
2760 	 0.8933 	 -0.0485
2770 	 0.7689 	 -0.0482
2780 	 0.9022 	 -0.0479
2790 	 0.9200 	 -0.0476
2800 	 0.9022 	 -0.0472
2810 	 0.8578 	 -0.0469
2820 	 0.9022 	 -0.0466
2830 	 0.8933 	 -0.0463
2840 	 0.9200 	 -0.0460
2850 	 0.8756 	 -0.0457
2860 	 0.7867 	 -0.0454
2870 	 0.8400 	 -0.0451
2880 	 0.9289 	 -0.0448
2890 	 0.8578 	 -0.0445
2900 	 0.9111 	 -0.0441
2910 	 0.9822 	 -0.0438
2920 	 0.8311 	 -0.0435
2930 	 0.8578 	 -0.0432
2940 	 0.9022 	 -0.0429
2950 	 0.8756 	 -0.0426
2960 	 0.9556 	 -0.0422
2970 	 0.8044 	 -0.0420
2980 	 0.7156 	 -0.0417
2990 	 0.7156 	 -0.0415
<M> = -0.0415 	 with sampling error = 0.00209275 	 and Var(M) = 0.39416554 
MC simulation
T = 2.20 h = 0.05 J = 1.00
Nx = 15 by Nx = 15
Nsweeps = 3000 and Nsamp = 10

Step 	 M 		 <M>
0 	 0.0000 	 0.0000
10 	 0.8756 	 -0.0411
20 	 0.8667 	 -0.0408
30 	 0.8933 	 -0.0405
40 	 0.8844 	 -0.0402
50 	 0.9022 	 -0.0399
60 	 0.9733 	 -0.0396
70 	 0.9111 	 -0.0393
80 	 0.8756 	 -0.0389
90 	 0.7422 	 -0.0387
100 	 0.9111 	 -0.0384
110 	 0.8756 	 -0.0381
120 	 0.9200 	 -0.0377
130 	 0.8311 	 -0.0375
140 	 0.8756 	 -0.0372
150 	 0.9200 	 -0.0368
160 	 0.9467 	 -0.0365
170 	 0.9200 	 -0.0362
180 	 0.8311 	 -0.0359
190 	 0.9289 	 -0.0356
200 	 0.8489 	 -0.0353
210 	 0.7867 	 -0.0350
220 	 0.7422 	 -0.0348
230 	 0.9111 	 -0.0344
240 	 0.9200 	 -0.0341
250 	 0.9022 	 -0.0338
260 	 0.8489 	 -0.0335
270 	 0.6978 	 -0.0333
280 	 0.8311 	 -0.0330
290 	 0.7600 	 -0.0327
300 	 0.7422 	 -0.0325
310 	 0.9111 	 -0.0322
320 	 0.9200 	 -0.0318
330 	 0.7867 	 -0.0316
340 	 0.8844 	 -0.0313
350 	 0.8044 	 -0.0310
360 	 0.8933 	 -0.0307
370 	 0.8400 	 -0.0304
380 	 0.9111 	 -0.0301
390 	 0.7067 	 -0.0298
400 	 0.8400 	 -0.0296
410 	 0.9111 	 -0.0293
420 	 0.7067 	 -0.0290
430 	 0.7067 	 -0.0288
440 	 0.9111 	 -0.0285
450 	 0.9289 	 -0.0281
460 	 0.9289 	 -0.0278
470 	 0.7333 	 -0.0276
480 	 0.8044 	 -0.0273
490 	 0.8489 	 -0.0270
500 	 0.8578 	 -0.0267
510 	 0.8489 	 -0.0264
520 	 0.9022 	 -0.0261
530 	 0.9022 	 -0.0258
540 	 0.8222 	 -0.0255
550 	 0.8400 	 -0.0253
560 	 0.8222 	 -0.0250
570 	 0.9467 	 -0.0247
580 	 0.8667 	 -0.0244
590 	 0.8844 	 -0.0241
600 	 0.7689 	 -0.0238
610 	 0.8400 	 -0.0235
620 	 0.8667 	 -0.0232
630 	 0.6711 	 -0.0230
640 	 0.8133 	 -0.0227
650 	 0.9022 	 -0.0224
660 	 0.9200 	 -0.0221
670 	 0.8667 	 -0.0218
680 	 0.8400 	 -0.0216
690 	 0.8400 	 -0.0213
700 	 0.9022 	 -0.0210
710 	 0.6978 	 -0.0207
720 	 0.7689 	 -0.0205
730 	 0.6889 	 -0.0202
740 	 0.6356 	 -0.0200
750 	 0.7689 	 -0.0198
760 	 0.7956 	 -0.0195
770 	 0.7956 	 -0.0192
780 	 0.9200 	 -0.0189
790 	 0.9022 	 -0.0186
800 	 0.8756 	 -0.0183
810 	 0.8756 	 -0.0181
820 	 0.7956 	 -0.0178
830 	 0.8044 	 -0.0175
840 	 0.8222 	 -0.0172
850 	 0.8578 	 -0.0170
860 	 0.8044 	 -0.0167
870 	 0.8756 	 -0.0164
880 	 0.9111 	 -0.0161
890 	 0.9111 	 -0.0158
900 	 0.9200 	 -0.0155
910 	 0.8756 	 -0.0152
920 	 0.8667 	 -0.0149
930 	 0.8400 	 -0.0146
940 	 0.7333 	 -0.0144
950 	 0.8222 	 -0.0141
960 	 0.8311 	 -0.0139
970 	 0.8933 	 -0.0136
980 	 0.8044 	 -0.0133
990 	 0.9111 	 -0.0130
1000 	 0.9111 	 -0.0127
1010 	 0.8844 	 -0.0124
1020 	 0.8222 	 -0.0121
1030 	 0.9378 	 -0.0118
1040 	 0.9378 	 -0.0115
1050 	 0.7778 	 -0.0113
1060 	 0.8489 	 -0.0110
1070 	 0.8933 	 -0.0107
1080 	 0.9733 	 -0.0104
1090 	 0.9556 	 -0.0101
1100 	 0.8400 	 -0.0098
1110 	 0.8222 	 -0.0095
1120 	 0.8578 	 -0.0093
1130 	 0.8044 	 -0.0090
1140 	 0.7422 	 -0.0087
1150 	 0.8578 	 -0.0085
1160 	 0.8667 	 -0.0082
1170 	 0.9200 	 -0.0079
1180 	 0.9022 	 -0.0076
1190 	 0.7956 	 -0.0073
1200 	 0.8578 	 -0.0071
1210 	 0.8133 	 -0.0068
1220 	 0.8844 	 -0.0065
1230 	 0.8578 	 -0.0062
1240 	 0.8756 	 -0.0059
1250 	 0.8578 	 -0.0057
1260 	 0.8222 	 -0.0054
1270 	 0.9289 	 -0.0051
1280 	 0.9378 	 -0.0048
1290 	 0.9378 	 -0.0045
1300 	 0.9111 	 -0.0042
1310 	 0.8756 	 -0.0039
1320 	 0.7689 	 -0.0037
1330 	 0.9467 	 -0.0034
1340 	 0.9200 	 -0.0031
1350 	 0.9022 	 -0.0028
1360 	 0.9467 	 -0.0025
1370 	 0.8667 	 -0.0022
1380 	 0.8844 	 -0.0019
1390 	 0.9200 	 -0.0016
1400 	 0.8311 	 -0.0014
1410 	 0.8933 	 -0.0011
1420 	 0.8756 	 -0.0008
1430 	 0.9022 	 -0.0005
1440 	 0.8222 	 -0.0002
1450 	 0.9200 	 0.0000
1460 	 0.8400 	 0.0003
1470 	 0.8489 	 0.0006
1480 	 0.9022 	 0.0009
1490 	 0.8667 	 0.0011
1500 	 0.8400 	 0.0014
1510 	 0.9200 	 0.0017
1520 	 0.9289 	 0.0020
1530 	 0.7956 	 0.0023
1540 	 0.9289 	 0.0026
1550 	 0.8756 	 0.0028
1560 	 0.8311 	 0.0031
1570 	 0.9378 	 0.0034
1580 	 0.9289 	 0.0037
1590 	 0.5556 	 0.0039
1600 	 0.7600 	 0.0041
1610 	 0.9378 	 0.0044
1620 	 0.8133 	 0.0047
1630 	 0.8667 	 0.0049
1640 	 0.9111 	 0.0052
1650 	 0.8578 	 0.0055
1660 	 0.8756 	 0.0058
1670 	 0.8667 	 0.0060
1680 	 0.7867 	 0.0063
1690 	 0.9822 	 0.0066
1700 	 0.9556 	 0.0069
1710 	 0.7867 	 0.0071
1720 	 0.9200 	 0.0074
1730 	 0.9200 	 0.0077
1740 	 0.8578 	 0.0080
1750 	 0.8489 	 0.0082
1760 	 0.9111 	 0.0085
1770 	 0.8222 	 0.0088
1780 	 0.8311 	 0.0090
1790 	 0.9111 	 0.0093
1800 	 0.7156 	 0.0096
1810 	 0.8578 	 0.0098
1820 	 0.9467 	 0.0101
1830 	 0.8578 	 0.0104
1840 	 0.9378 	 0.0107
1850 	 0.8222 	 0.0109
1860 	 0.8489 	 0.0112
1870 	 0.8222 	 0.0115
1880 	 0.9644 	 0.0118
1890 	 0.8578 	 0.0120
1900 	 0.9378 	 0.0123
1910 	 0.6978 	 0.0125
1920 	 0.8133 	 0.0128
1930 	 0.7867 	 0.0130
1940 	 0.7600 	 0.0133
1950 	 0.9111 	 0.0135
1960 	 0.9200 	 0.0138
1970 	 0.8400 	 0.0141
1980 	 0.8756 	 0.0143
1990 	 0.8756 	 0.0146
2000 	 0.8933 	 0.0149
2010 	 0.9289 	 0.0152
2020 	 0.9111 	 0.0155
2030 	 0.8222 	 0.0157
2040 	 0.9289 	 0.0160
2050 	 0.8756 	 0.0163
2060 	 0.9022 	 0.0165
2070 	 0.9467 	 0.0168
2080 	 0.8311 	 0.0171
2090 	 0.7422 	 0.0173
2100 	 0.6622 	 0.0175
2110 	 0.8844 	 0.0178
2120 	 0.7600 	 0.0180
2130 	 0.7244 	 0.0182
2140 	 0.8756 	 0.0185
2150 	 0.7600 	 0.0187
2160 	 0.6800 	 0.0189
2170 	 0.7867 	 0.0192
2180 	 0.8044 	 0.0194
2190 	 0.8578 	 0.0197
2200 	 0.8844 	 0.0200
2210 	 0.9022 	 0.0202
2220 	 0.8667 	 0.0205
2230 	 0.9022 	 0.0208
2240 	 0.8756 	 0.0210
2250 	 0.8667 	 0.0213
2260 	 0.8578 	 0.0216
2270 	 0.9378 	 0.0218
2280 	 0.8667 	 0.0221
2290 	 0.9022 	 0.0224
2300 	 0.8933 	 0.0227
2310 	 0.8311 	 0.0229
2320 	 0.9289 	 0.0232
2330 	 0.7511 	 0.0234
2340 	 0.8667 	 0.0237
2350 	 0.8489 	 0.0239
2360 	 0.8489 	 0.0242
2370 	 0.8933 	 0.0245
2380 	 0.9111 	 0.0247
2390 	 0.9111 	 0.0250
2400 	 0.7333 	 0.0252
2410 	 0.9111 	 0.0255
2420 	 0.9289 	 0.0258
2430 	 0.9378 	 0.0261
2440 	 0.8311 	 0.0263
2450 	 0.9200 	 0.0266
2460 	 0.8133 	 0.0268
2470 	 0.9200 	 0.0271
2480 	 0.9200 	 0.0274
2490 	 0.7867 	 0.0276
2500 	 0.6533 	 0.0278
2510 	 0.9022 	 0.0281
2520 	 0.8311 	 0.0283
2530 	 0.8578 	 0.0286
2540 	 0.9111 	 0.0289
2550 	 0.9378 	 0.0291
2560 	 0.9111 	 0.0294
2570 	 0.9467 	 0.0297
2580 	 0.8756 	 0.0299
2590 	 0.8489 	 0.0302
2600 	 0.8844 	 0.0305
2610 	 0.9200 	 0.0307
2620 	 0.6889 	 0.0309
2630 	 0.8667 	 0.0312
2640 	 0.7600 	 0.0314
2650 	 0.7067 	 0.0316
2660 	 0.8222 	 0.0319
2670 	 0.9111 	 0.0321
2680 	 0.9200 	 0.0324
2690 	 0.8400 	 0.0327
2700 	 0.8400 	 0.0329
2710 	 0.8756 	 0.0332
2720 	 0.7867 	 0.0334
2730 	 0.7867 	 0.0336
2740 	 0.8667 	 0.0339
2750 	 0.8133 	 0.0341
2760 	 0.8311 	 0.0344
2770 	 0.9289 	 0.0346
2780 	 0.8578 	 0.0349
2790 	 0.8756 	 0.0351
2800 	 0.8222 	 0.0354
2810 	 0.9022 	 0.0357
2820 	 0.8844 	 0.0359
2830 	 0.8667 	 0.0362
2840 	 0.8578 	 0.0364
2850 	 0.9022 	 0.0367
2860 	 0.8756 	 0.0369
2870 	 0.9200 	 0.0372
2880 	 0.8400 	 0.0375
2890 	 0.9644 	 0.0377
2900 	 0.9111 	 0.0380
2910 	 0.9378 	 0.0383
2920 	 0.8222 	 0.0385
2930 	 0.7956 	 0.0387
2940 	 0.8667 	 0.0390
2950 	 0.8400 	 0.0392
2960 	 0.8667 	 0.0395
2970 	 0.8756 	 0.0397
2980 	 0.8756 	 0.0400
2990 	 0.9111 	 0.0403
<M> = 0.0403 	 with sampling error = 0.00223108 	 and Var(M) = 0.44799497 
