MC simulation
T = 2.50 h = 0.00 J = 1.00
Nx = 15 by Nx = 15
Nsweeps = 3000 and Nsamp = 10

Step 	 M 		 <M>
0 	 0.0000 	 0.0000
10 	 0.1822 	 0.1822
20 	 -0.0667 	 0.0578
30 	 0.1556 	 0.0904
40 	 -0.1022 	 0.0422
50 	 -0.7244 	 -0.1111
60 	 -0.5911 	 -0.1911
70 	 -0.3600 	 -0.2152
80 	 -0.2711 	 -0.2222
90 	 -0.3689 	 -0.2385
100 	 0.0222 	 -0.2124
110 	 -0.3244 	 -0.2226
120 	 0.0311 	 -0.2015
130 	 0.1378 	 -0.1754
140 	 0.5111 	 -0.1263
150 	 0.2356 	 -0.1022
160 	 0.1378 	 -0.0872
170 	 0.1467 	 -0.0735
180 	 0.6622 	 -0.0326
190 	 0.6800 	 0.0049
200 	 0.6622 	 0.0378
210 	 0.2978 	 0.0502
220 	 0.2533 	 0.0594
230 	 0.6444 	 0.0848
240 	 0.7778 	 0.1137
250 	 0.6889 	 0.1367
260 	 0.3689 	 0.1456
270 	 0.1289 	 0.1450
280 	 0.3778 	 0.1533
290 	 0.4933 	 0.1651
300 	 0.3067 	 0.1698
310 	 0.1111 	 0.1679
320 	 0.5644 	 0.1803
330 	 0.5644 	 0.1919
340 	 0.5289 	 0.2018
350 	 0.5289 	 0.2112
360 	 0.6800 	 0.2242
370 	 0.6178 	 0.2348
380 	 0.4933 	 0.2416
390 	 0.7156 	 0.2538
400 	 0.6533 	 0.2638
410 	 0.2178 	 0.2627
420 	 0.0489 	 0.2576
430 	 0.0844 	 0.2535
440 	 0.1200 	 0.2505
450 	 -0.1111 	 0.2425
460 	 -0.0400 	 0.2363
470 	 -0.2533 	 0.2259
480 	 -0.2356 	 0.2163
490 	 -0.5822 	 0.2000
500 	 -0.7244 	 0.1815
510 	 -0.8578 	 0.1611
520 	 -0.5822 	 0.1468
530 	 -0.4844 	 0.1349
540 	 -0.6000 	 0.1213
550 	 -0.6711 	 0.1069
560 	 -0.2889 	 0.0998
570 	 -0.2978 	 0.0929
580 	 -0.6622 	 0.0798
590 	 -0.8133 	 0.0647
600 	 -0.7067 	 0.0519
610 	 -0.2978 	 0.0461
620 	 -0.4578 	 0.0380
630 	 -0.3511 	 0.0318
640 	 -0.4133 	 0.0249
650 	 -0.3511 	 0.0191
660 	 -0.5822 	 0.0100
670 	 -0.6267 	 0.0005
680 	 -0.1200 	 -0.0013
690 	 -0.1200 	 -0.0030
700 	 0.3867 	 0.0025
710 	 0.5556 	 0.0103
720 	 0.6533 	 0.0193
730 	 0.4400 	 0.0250
740 	 0.3600 	 0.0295
750 	 0.1911 	 0.0317
760 	 0.3067 	 0.0353
770 	 0.1911 	 0.0373
780 	 -0.0489 	 0.0362
790 	 -0.2267 	 0.0329
800 	 -0.6267 	 0.0247
810 	 -0.6622 	 0.0162
820 	 -0.6178 	 0.0085
830 	 -0.6000 	 0.0011
840 	 -0.5467 	 -0.0054
850 	 -0.6178 	 -0.0126
860 	 -0.7689 	 -0.0214
870 	 -0.7689 	 -0.0300
880 	 -0.8667 	 -0.0395
890 	 -0.7778 	 -0.0478
900 	 -0.6267 	 -0.0542
910 	 -0.7511 	 -0.0619
920 	 -0.5111 	 -0.0668
930 	 -0.5644 	 -0.0721
940 	 -0.4667 	 -0.0763
950 	 -0.5111 	 -0.0809
960 	 -0.6444 	 -0.0868
970 	 -0.6356 	 -0.0924
980 	 -0.2444 	 -0.0940
990 	 -0.2267 	 -0.0953
1000 	 -0.4044 	 -0.0984
1010 	 -0.4667 	 -0.1020
1020 	 -0.7511 	 -0.1084
1030 	 -0.5733 	 -0.1129
1040 	 -0.3067 	 -0.1148
1050 	 -0.0933 	 -0.1146
1060 	 0.1289 	 -0.1123
1070 	 0.4044 	 -0.1075
1080 	 -0.0400 	 -0.1068
1090 	 -0.2978 	 -0.1086
1100 	 0.0222 	 -0.1074
1110 	 -0.0933 	 -0.1073
1120 	 0.0756 	 -0.1056
1130 	 0.0578 	 -0.1042
1140 	 -0.3689 	 -0.1065
1150 	 -0.3511 	 -0.1086
1160 	 -0.6533 	 -0.1133
1170 	 -0.7422 	 -0.1187
1180 	 -0.5111 	 -0.1220
1190 	 -0.7333 	 -0.1272
1200 	 -0.7156 	 -0.1321
1210 	 -0.8844 	 -0.1383
1220 	 -0.7956 	 -0.1437
1230 	 -0.6622 	 -0.1479
1240 	 -0.5378 	 -0.1510
1250 	 -0.5200 	 -0.1540
1260 	 -0.7867 	 -0.1590
1270 	 -0.7156 	 -0.1634
1280 	 -0.5289 	 -0.1663
1290 	 -0.6711 	 -0.1702
1300 	 -0.5556 	 -0.1731
1310 	 -0.3422 	 -0.1744
1320 	 0.1911 	 -0.1716
1330 	 0.4044 	 -0.1673
1340 	 0.5200 	 -0.1622
1350 	 0.3778 	 -0.1582
1360 	 0.0489 	 -0.1567
1370 	 0.1822 	 -0.1542
1380 	 0.2356 	 -0.1514
1390 	 0.1378 	 -0.1493
1400 	 -0.0578 	 -0.1486
1410 	 -0.3956 	 -0.1504
1420 	 -0.7600 	 -0.1547
1430 	 -0.7333 	 -0.1587
1440 	 -0.5200 	 -0.1612
1450 	 -0.7778 	 -0.1655
1460 	 -0.4133 	 -0.1672
1470 	 0.0578 	 -0.1657
1480 	 0.4133 	 -0.1617
1490 	 0.4756 	 -0.1575
1500 	 0.4578 	 -0.1534
1510 	 0.2267 	 -0.1508
1520 	 -0.0489 	 -0.1502
1530 	 -0.1822 	 -0.1504
1540 	 -0.4756 	 -0.1525
1550 	 -0.3956 	 -0.1541
1560 	 -0.4844 	 -0.1562
1570 	 -0.5556 	 -0.1587
1580 	 -0.5289 	 -0.1611
1590 	 -0.4133 	 -0.1627
1600 	 -0.0133 	 -0.1617
1610 	 -0.0756 	 -0.1612
1620 	 0.0044 	 -0.1602
1630 	 0.4489 	 -0.1564
1640 	 0.1644 	 -0.1545
1650 	 -0.1378 	 -0.1544
1660 	 -0.1911 	 -0.1546
1670 	 0.3156 	 -0.1518
1680 	 0.2000 	 -0.1497
1690 	 0.1644 	 -0.1478
1700 	 -0.3156 	 -0.1488
1710 	 -0.2711 	 -0.1495
1720 	 0.2178 	 -0.1474
1730 	 0.0133 	 -0.1465
1740 	 0.2356 	 -0.1443
1750 	 0.4578 	 -0.1408
1760 	 0.4844 	 -0.1373
1770 	 0.4578 	 -0.1339
1780 	 0.6622 	 -0.1294
1790 	 0.7067 	 -0.1248
1800 	 0.8133 	 -0.1196
1810 	 0.5289 	 -0.1160
1820 	 0.7600 	 -0.1112
1830 	 0.7244 	 -0.1066
1840 	 0.6178 	 -0.1027
1850 	 0.4489 	 -0.0997
1860 	 0.4578 	 -0.0967
1870 	 0.3422 	 -0.0943
1880 	 0.1644 	 -0.0930
1890 	 -0.2622 	 -0.0939
1900 	 0.0222 	 -0.0932
1910 	 0.1200 	 -0.0921
1920 	 0.1467 	 -0.0909
1930 	 0.3156 	 -0.0888
1940 	 -0.1911 	 -0.0893
1950 	 -0.1911 	 -0.0898
1960 	 0.4844 	 -0.0869
1970 	 0.4222 	 -0.0843
1980 	 0.5556 	 -0.0811
1990 	 0.5556 	 -0.0779
2000 	 0.6000 	 -0.0745
2010 	 0.4578 	 -0.0718
2020 	 0.3156 	 -0.0699
2030 	 0.1911 	 -0.0686
2040 	 0.1111 	 -0.0678
2050 	 0.2267 	 -0.0663
2060 	 0.2978 	 -0.0646
2070 	 0.2178 	 -0.0632
2080 	 -0.1911 	 -0.0638
2090 	 -0.2622 	 -0.0648
2100 	 -0.3422 	 -0.0661
2110 	 -0.0222 	 -0.0659
2120 	 0.1822 	 -0.0647
2130 	 0.1378 	 -0.0637
2140 	 0.0578 	 -0.0632
2150 	 0.3689 	 -0.0612
2160 	 0.3422 	 -0.0593
2170 	 0.2978 	 -0.0577
2180 	 0.4489 	 -0.0553
2190 	 0.3333 	 -0.0536
2200 	 0.3956 	 -0.0515
2210 	 0.3867 	 -0.0495
2220 	 0.4756 	 -0.0472
2230 	 0.6800 	 -0.0439
2240 	 0.5733 	 -0.0412
2250 	 0.5289 	 -0.0386
2260 	 0.6356 	 -0.0356
2270 	 0.6978 	 -0.0324
2280 	 0.6089 	 -0.0296
2290 	 0.7778 	 -0.0261
2300 	 0.5733 	 -0.0235
2310 	 0.7956 	 -0.0199
2320 	 0.6711 	 -0.0169
2330 	 0.7422 	 -0.0137
2340 	 0.6533 	 -0.0108
2350 	 0.8400 	 -0.0072
2360 	 0.7333 	 -0.0041
2370 	 0.5200 	 -0.0019
2380 	 0.5911 	 0.0006
2390 	 0.6089 	 0.0032
2400 	 0.4311 	 0.0050
2410 	 0.3067 	 0.0062
2420 	 0.2356 	 0.0072
2430 	 0.2178 	 0.0080
2440 	 0.1644 	 0.0087
2450 	 0.0400 	 0.0088
2460 	 0.1289 	 0.0093
2470 	 0.1200 	 0.0097
2480 	 0.0400 	 0.0099
2490 	 -0.2178 	 0.0089
2500 	 0.1022 	 0.0093
2510 	 -0.1644 	 0.0086
2520 	 0.1111 	 0.0090
2530 	 -0.0222 	 0.0089
2540 	 0.2267 	 0.0098
2550 	 0.2711 	 0.0108
2560 	 -0.1556 	 0.0101
2570 	 -0.1644 	 0.0095
2580 	 0.0667 	 0.0097
2590 	 0.2622 	 0.0107
2600 	 0.2889 	 0.0117
2610 	 0.5822 	 0.0139
2620 	 0.8400 	 0.0171
2630 	 0.6444 	 0.0195
2640 	 0.7067 	 0.0221
2650 	 0.6444 	 0.0244
2660 	 0.6978 	 0.0269
2670 	 0.6089 	 0.0291
2680 	 0.6978 	 0.0316
2690 	 0.2000 	 0.0322
2700 	 0.2978 	 0.0332
2710 	 0.3067 	 0.0342
2720 	 0.6711 	 0.0366
2730 	 0.6889 	 0.0390
2740 	 0.6089 	 0.0410
2750 	 0.5289 	 0.0428
2760 	 0.4489 	 0.0443
2770 	 0.6089 	 0.0463
2780 	 0.5822 	 0.0482
2790 	 0.6978 	 0.0506
2800 	 0.8133 	 0.0533
2810 	 0.7867 	 0.0559
2820 	 0.7067 	 0.0582
2830 	 0.7333 	 0.0606
2840 	 0.6444 	 0.0627
2850 	 0.7689 	 0.0651
2860 	 0.5289 	 0.0668
2870 	 0.5556 	 0.0685
2880 	 0.5644 	 0.0702
2890 	 0.6978 	 0.0724
2900 	 0.8044 	 0.0749
2910 	 0.8311 	 0.0775
2920 	 0.8489 	 0.0801
2930 	 0.6622 	 0.0821
2940 	 0.6000 	 0.0839
2950 	 0.4489 	 0.0851
2960 	 0.3600 	 0.0860
2970 	 0.4400 	 0.0872
2980 	 0.1733 	 0.0875
2990 	 0.4844 	 0.0888
<M> = 0.0888 	 with sampling error = 0.00053803 	 and Var(M) = 0.02605282 
